Vernier Format 2
Sin título.cmbl 8/05/2025 11:57:07 .
Último
Tiempo	Posición	Velocidad 1	Aceleración 1	Angulo	Velocidad 2	Aceleración 2
t	x	v 1	a 1	Angulo	v 2	a 2
s	m	m/s	m/s²	rad	rad/s	rad/s²

0.033333	0.564235	0.0480204802048	-0.611528827738	0	0	0
0.066666	0.5664645	0.0263683886839	-0.531470073793	0	0	0.0181808766573
0.099999	0.5664645	0.00634556345563	-0.368196426392	0	0	0.094540558618
0.133332	0.566293	0.00100042667093	-0.185688192912	0	0	0.412099870899
0.166665	0.5664645	-0.00171501715017	-0.11108420084	0	0.0145445558788	1.078732015
0.199998	0.566293	-0.00557380573806	-0.0794870758447	0	0.0581782235153	1.91505234124
0.233331	0.56595	-0.00643131431314	-0.0780102407526	0	0.189079226425	1.52719363921
0.266664	0.56595	-0.00943259432594	-0.112668225575	0.0174532925199	0.203623782304	0.060602922192
0.299997	0.5654355	-0.0152922362557	-0.119218703807	0.0174532925199	0.116356447031	0.509064546407
0.33333	0.5647495	-0.0171501715017	-0.137321843645	0.0174532925199	0.218168338183	1.61203773028
0.366663	0.5644065	-0.0224381410481	-0.210329901021	0.0349065850399	0.261802005819	1.9029317568
0.399996	0.5633775	-0.0311561448948	-0.297153512485	0.0349065850399	0.319980229335	2.70289032972
0.433329	0.5623485	-0.0417320839875	-0.417563212334	0.0523598775598	0.465425788123	2.92106084961
0.466662	0.5606335	-0.0564526478598	-0.592282331699	0.0698131700798	0.523604011638	3.16347253837
0.499995	0.5589185	-0.0803199698664	-0.749851108058	0.0872664625997	0.610871346912	4.99368078854
0.533328	0.5558315	-0.116907002403	-0.61812694581	0.10471975512	0.843584240973	6.9450948831
0.566661	0.550172	-0.128626286263	-0.299416404965	0.13962634016	1.17810902619	6.18149806349
0.599994	0.546742	-0.126196678633	-0.248441774366	0.191986217719	1.29446547322	4.30280747557
0.633327	0.5424545	-0.139488061547	-0.362658294796	0.226892802759	1.38173280849	4.36341039776
0.66666	0.537481	-0.154637379707	-0.393981490702	0.279252680319	1.57081203492	4.86035435972
0.699993	0.531993	-0.167500008333	-0.366350382527	0.331612557879	1.75989126134	4.26644572225
0.733326	0.5263335	-0.179505128385	-0.302632094278	0.401425727959	1.84715859661	3.79374292916
0.766659	0.519988	-0.189366476998	-0.189368370682	0.453785605519	1.94897048777	4.59370150208
0.799992	0.513471	-0.192367757011	-0.0635991886441	0.523598775598	2.22531704946	3.45436656489
0.833325	0.5071255	-0.192653593203	0.041208463054	0.610865238198	2.2689507171	0.0484823377538
0.866658	0.5006085	-0.190652739861	0.157687875964	0.680678408278	2.15259427007	-1.50295247034
0.899991	0.4940915	-0.180791391247	0.234864419487	0.750491578358	2.10896060243	-1.47871130146
0.933324	0.4886035	-0.171215878825	0.23295882582	0.820304748437	2.07987149067	-1.89081117236
0.966657	0.4831155	-0.17035837025	0.360038103504	0.890117918517	2.02169326716	-3.07862844731
0.99999	0.4765985	-0.152350690174	0.601929399639	0.959931088597	1.84715859661	-3.44224598045
1.033323	0.4724825	-0.121909135758	0.624558324437	1.01229096616	1.70171303782	-1.4908318859
1.066656	0.4690525	-0.105044800448	0.483901691874	1.06465084372	1.77443581722	-0.0606029221905
1.099989	0.4656225	-0.0930396803968	0.408154343602	1.1344640138	1.77443581722	-0.533305715281
1.133322	0.462707	-0.0794624612913	0.39195679743	1.18682389136	1.68716848195	-0.0121205844384
1.166655	0.4604775	-0.0681719317193	0.425661985419	1.23918376892	1.77443581722	0.436341039775
1.199988	0.4580765	-0.0540230402304	0.513557493321	1.308996939	1.77443581722	-0.448461624215
1.233321	0.4563615	-0.0284407010737	0.446028017738	1.36135681656	1.68716848195	-0.0727235066293
1.266654	0.4567045	-0.0170072534059	0.19639524733	1.41371669412	1.77443581722	0.109085259945
1.299987	0.455847	-0.0217235505688	0.110405333096	1.4835298642	1.75989126134	-1.09085259944
1.33332	0.454818	-0.0167214172142	0.216761279648	1.53588974175	1.64353481431	-0.763596819607
1.366653	0.454475	-0.00485921525882	0.283933456419	1.58824961931	1.64353481431	1.17569669051
1.399986	0.4546465	0.00514505145051	0.263329224891	1.64060949687	1.77443581722	1.84232883461
1.433319	0.454818	0.0134343010097	0.205446817249	1.71042266695	1.81806948486	1.06661143056
1.466652	0.455504	0.0214377143771	0.106713245365	1.76278254451	1.83261404073	0.412099870899
1.499985	0.456876	0.0151493181598	0.172813525698	1.83259571459	1.83261404073	0.0848440910684
1.533318	0.4560185	0.0231527315273	0.487951078417	1.88495559215	1.83261404073	0.0121205844385
1.566651	0.457562	0.0537372040387	0.63682558367	1.95476876223	1.83261404073	-0.0121205844385
1.599984	0.459963	0.0761753450868	0.491404966939	2.00712863979	1.83261404073	-0.0969646755066
1.633317	0.46305	0.0874658746587	0.28369525721	2.07694180987	1.83261404073	-0.509064546405
1.66665	0.4659655	0.0914675813425	0.157449676756	2.12930168743	1.81806948486	-1.56355539253
1.699983	0.4690525	0.0963267966013	0.0928976912779	2.19911485751	1.75989126134	-3.32104013607
1.733316	0.4724825	0.0981847318473	0.0398983674078	2.25147473507	1.57081203492	-4.08463695568
1.766649	0.475741	0.0968984689847	0.0563341127877	2.30383461263	1.39627736437	-2.25442870551
1.799982	0.478828	0.0988993223266	0.157806975568	2.33874119767	1.38173280849	0.690873312979
1.833315	0.4820865	0.107903162365	0.252610260513	2.39110107523	1.5126338114	1.83020825017
1.866648	0.486031	0.117907429074	0.284767153648	2.44346095279	1.55626747904	1.46659071702
1.899981	0.4899755	0.127482941496	0.280241368688	2.49582083035	1.58535659079	1.47871130146
1.933314	0.4944345	0.138487634876	0.213664689939	2.54818070791	1.62899025843	1.9029317568
1.966647	0.499408	0.143632686327	0.0980189742586	2.60054058547	1.75989126134	1.03024967725
1.99998	0.50421	0.142775177752	0.048235339702	2.67035375555	1.75989126134	-1.51507305478
2.033313	0.5088405	0.144347276806	0.0670530771659	2.72271363311	1.61444570255	-2.90894026517
2.066646	0.513814	0.146348130148	0.0959942809871	2.77507351067	1.52717836728	-2.99378435624
2.099979	0.518273	0.155351970186	-0.00571678100172	2.82743338823	1.38173280849	-2.01201701674
2.133312	0.5246185	0.151636099694	-0.254039455764	2.86233997327	1.36718825261	-0.47270279309
2.166645	0.528906	0.13319966533	-0.358489808649	2.91469985083	1.43991103201	-1.16357610607
2.199978	0.5331935	0.121766217662	-0.284290755231	2.96705972839	1.3090100291	-2.29079045882
2.233311	0.5369665	0.112619459528	-0.140061134542	3.00196631343	1.17810902619	-0.73935565073
2.266644	0.5403965	0.113191131911	-0.00702687664793	3.03687289847	1.26537636146	0.775717404047
2.299977	0.5445125	0.114763230966	0.0550240171415	3.08923277603	1.29446547322	0.73935565073
2.33331	0.548114	0.116049493828	0.12838937333	3.12413936107	1.3090100291	0.763596819607
2.366643	0.5520585	0.122623726237	0.206280514479	3.17649923863	1.32355458497	1.32114370377
2.399976	0.5561745	0.132056320563	0.224026355505	3.21140582367	1.36718825261	2.76349325192
2.433309	0.5609765	0.139345143451	0.19329865762	3.26376570123	1.52717836728	3.74526059141
2.466642	0.565607	0.142918095848	0.206399614083	3.31612557879	1.62899025843	4.14523987787
2.499975	0.5702375	0.152493608269	0.24343959099	3.36848545635	1.81806948486	3.86646643579
2.533308	0.575897	0.160639939733	0.236055415529	3.43829862643	1.96351504364	1.6483994836
2.566641	0.581042	0.166213745471	0.2352217183	3.50811179651	1.89079226425	0.387858702023
2.599974	0.5863585	0.184078507452	0.00857517150257	3.56047167407	1.90533682013	1.10297318388
2.633307	0.5942475	0.175646339797	-0.438524742673	3.63028484415	2.02169326716	0.363617533147
2.66664	0.598878	0.144776031094	-0.617055049373	3.70009801423	2.00714871128	-2.24230812107
2.699973	0.603337	0.125482088154	-0.526539350179	3.76991118431	1.83261404073	-3.67253708478
2.733306	0.60711	0.110332769994	-0.392075897034	3.82227106187	1.65807937019	-2.14534344556
2.766639	0.6107115	0.098470568039	-0.214736586377	3.87463093943	1.64353481431	0.872682079552
2.799972	0.6134555	0.093754270876	0.0104807651698	3.92699081699	1.77443581722	2.66652857641
2.833305	0.6165425	0.101328929956	0.173409023719	3.99680398707	1.84715859661	3.68465766922
2.866638	0.6203155	0.10876067094	0.214021988752	4.04916386463	1.96351504364	5.57546884158
2.899971	0.6237455	0.117049920499	0.153995788234	4.11897703471	2.28349527298	5.35729832169
2.933304	0.6278615	0.127625859592	-0.153995788234	4.20624349731	2.45802994352	1.58779656141
2.966637	0.633178	0.11219070524	-0.584540857425	4.29350995991	2.35621805237	-1.35750545708
2.99997	0.6360935	0.0761753450868	-0.680296939204	4.36332312999	2.22531704946	-0.569667468598
3.033303	0.6374655	0.0580247469141	-0.517725979468	4.43313630007	2.31258438474	0.702993897416
3.066636	0.639695	0.0474488078214	-0.457223380533	4.52040276267	2.34167349649	0.242411688765
3.099969	0.641067	0.0287265372654	-0.424709188586	4.59021593275	2.34167349649	-0.727235066291
3.133302	0.64141	0.0152922362557	-0.318472341637	4.67748239534	2.29803982886	-1.68476123691
3.166635	0.641753	0.00986134861349	-0.276668380562	4.74729556542	2.16713882595	-0.75147623517
3.199968	0.6422675	0.000428754287544	-0.335741784247	4.8171087355	2.18168338183	1.83020825017
3.233301	0.6419245	-0.0132913829138	-0.398983674078	4.88692190558	2.34167349649	2.92106084961
3.266634	0.6412385	-0.0247248305816	-0.513676592925	4.97418836818	2.48711905528	0.981767339494
3.299967	0.6405525	-0.0457337906712	-0.655762420738	5.06145483078	2.39985172001	-1.11509376832
3.3333	0.638323	-0.070315703157	-0.69887647746	5.13126800086	2.35621805237	-1.80596708129
3.366633	0.636265	-0.102329356627	-0.45400769122	5.21853446346	2.29803982886	-2.66652857641
3.399966	0.6306055	-0.109046507132	0.0046448845639	5.28834763354	2.15259427007	-2.73925208304
3.433299	0.628033	-0.0896096460965	0.131009564623	5.35816080362	2.09441604655	-2.23018753663
3.466632	0.6254605	-0.0893238099048	-0.0614553957684	5.4279739737	2.03623782304	-2.25442870551
3.499965	0.6223735	-0.0976130594639	-0.205923215666	5.49778714378	1.90533682013	-1.18781727495
3.533298	0.618772	-0.104758964256	-0.317281345595	5.55014702134	1.90533682013	1.078732015
3.566631	0.6155135	-0.116907002403	-0.440668535549	5.61996019142	2.03623782304	1.73324357467
3.599964	0.611226	-0.135343436768	-0.482710695832	5.6897733615	2.07987149067	0.54542629972
3.633297	0.606767	-0.158639086391	-0.239747503259	5.75958653158	2.07987149067	-1.26054078158
3.66663	0.599907	-0.159782431158	0.233554323841	5.82939970166	2.02169326716	-3.81798409804
3.699963	0.5952765	-0.136200945343	0.513081094904	5.89921287174	1.81806948486	-5.98756871248
3.733296	0.590989	-0.11462031287	0.460677269055	5.9515727493	1.57081203492	-6.38754799894
3.766629	0.587902	-0.100757257573	0.226646546797	6.00393262686	1.33809914085	-4.90883669748
3.799962	0.5846435	-0.0997568309016	-0.028226606196	6.0388392119	1.17810902619	-1.4908318859
3.833295	0.581385	-0.104901882352	-0.215212984794	6.07374579694	1.26537636146	1.41810837927
3.866628	0.5777835	-0.115477821445	-0.338838373956	6.1261056745	1.32355458497	2.86045792742
3.899961	0.573839	-0.130198385317	-0.366945880548	6.16101225954	1.42536647613	4.49673682658
3.933294	0.569037	-0.143061013943	-0.30465678755	6.2133721371	1.70171303782	3.85434585135
3.966627	0.5640635	-0.149778164448	-0.256897846265	6.28318530718	1.75989126134	1.22417902826
3.99996	0.55909	-0.157209905432	-0.282742460376	6.33554518474	1.68716848195	0.933285001741
4.033293	0.5537735	-0.169072107388	-0.299297305361	6.3879050623	1.7889803731	1.69688182135
4.066626	0.547771	-0.179790964576	-0.250109168825	6.45771823238	1.83261404073	1.91505234124
4.099959	0.541597	-0.185650606506	-0.196514346934	6.51007810994	1.89079226425	2.67864916085
4.133292	0.535423	-0.19136733034	-0.178411207095	6.57989128002	2.03623782304	2.75137266747
4.166625	0.528906	-0.198227398941	-0.150422800108	6.6497044501	2.09441604655	2.32715221214
4.199958	0.522046	-0.201371597049	-0.124101787579	6.71951762018	2.15259427007	2.75137266747
4.233291	0.515529	-0.205230385637	-0.12386358837	6.78933079026	2.29803982886	2.67864916084
4.266624	0.5084975	-0.211518781854	-0.0815832288786	6.87659725286	2.35621805237	1.9029317568
4.299957	0.501123	-0.211090027567	-0.0203660323186	6.94641042294	2.39985172001	1.61203773028
4.33329	0.4944345	-0.210089600896	0.00690777704374	7.03367688554	2.50166361116	0.496943961969
4.366623	0.4875745	-0.217235505688	0.217714076482	7.12094334814	2.41439627589	-0.0242411688765
4.399956	0.479171	-0.202657859912	0.600857503201	7.19075651822	2.42894083177	1.10297318388
4.433289	0.47334	-0.168214598813	0.757711681936	7.27802298082	2.5452972788	0.751476235168
4.466622	0.468538	-0.145776457765	0.745563522307	7.36528944342	2.5452972788	-1.26054078157
4.499955	0.463736	-0.124195825292	0.839414010418	7.45255590602	2.41439627589	-2.26654928995
4.533288	0.4597915	-0.09189633563	0.949104745889	7.5223690761	2.35621805237	-2.21806695219
4.566621	0.457219	-0.0510217602176	0.796061754489	7.6096355387	2.29803982886	-2.67864916084
4.599954	0.457219	-0.031870735374	0.455913284887	7.67944870878	2.15259427007	-2.42411688764
4.633287	0.4556755	-0.0295840458405	0.335741784247	7.74926187885	2.10896060243	-1.57567597697
4.66662	0.4546465	-0.0145776457765	0.36730317936	7.81907504893	2.07987149067	-1.50295247034
4.699953	0.454818	-0.00200085334187	0.345269752583	7.88888821901	2.03623782304	-2.01201701674
4.733286	0.4546465	0.00828924955916	0.309063472905	7.95870138909	1.90533682013	-1.62415831472
4.766619	0.455161	0.0210089600896	0.20235022754	8.01106126665	1.89079226425	-0.47270279309
4.799952	0.4563615	0.0248677486775	0.0499027341608	8.08087443673	1.96351504364	-1.57567597697
4.833285	0.4573905	0.0158639086391	0.132438759873	8.15068760681	1.81806948486	-3.44224598045
4.866618	0.4567045	0.0254394210609	0.427805778295	8.20304748437	1.64353481431	-2.9816637718
4.899951	0.4584195	0.0527367773678	0.51808327828	8.25540736193	1.58535659079	-1.39386721039
4.933284	0.4608205	0.0668856688567	0.419349706397	8.30776723949	1.57081203492	0.0121205844369
4.966617	0.46305	0.0764611812785	0.399817371307	8.36012711705	1.58535659079	1.47871130146
4.99995	0.4656225	0.0917534175342	0.430068670775	8.41248699461	1.64353481431	3.3937636427
5.033283	0.469224	0.106616899502	0.437095547423	8.46484687217	1.83261404073	4.50885741102
5.066616	0.4728255	0.11976536432	0.460081771034	8.53466004225	2.02169326716	3.3937636427
5.099949	0.4769415	0.138773471068	0.428758575129	8.60447321233	2.07987149067	1.47871130146
5.133282	0.482258	0.152350690174	0.286553647711	8.67428638241	2.09441604655	1.18054895501E-13
5.166615	0.487403	0.157352823528	0.143634122668	8.74409955249	2.07987149067	-1.47871130146
5.199948	0.4927195	0.160782857829	0.0259637137161	8.81391272257	2.02169326716	-3.3937636427
5.233281	0.4982075	0.160211185445	-0.0971852770292	8.88372589265	1.83261404073	-4.49673682658
5.266614	0.5036955	0.151921935886	-0.125650082434	8.93608577021	1.64353481431	-3.32104013607
5.299947	0.508326	0.145490621573	0.020604231527	8.98844564777	1.58535659079	-1.16357610607
5.33328	0.5129565	0.151064427311	0.208424307354	9.04080552533	1.58535659079	0.54542629972
5.366613	0.51793	0.168214598813	0.150303700503	9.09316540289	1.62899025843	1.63627889916
5.399946	0.52479	0.169215025484	-0.140537532959	9.14552528045	1.75989126134	0.581788053034
5.433279	0.5297635	0.153922789228	-0.326094716306	9.21533845053	1.74534670546	-2.67864916084
5.466612	0.534737	0.143632686327	-0.397435379223	9.26769832809	1.55626747904	-5.23609247731
5.499945	0.539539	0.127768777688	-0.441621332382	9.32005820565	1.32355458498	-5.57546884158
5.533278	0.543312	0.111333196665	-0.396363482786	9.35496479069	1.11993080267	-3.83010468248
5.566611	0.546742	0.100328503285	-0.313231959052	9.38987137573	1.06175257916	-1.7453641591
5.599944	0.5500005	0.0907529908632	-0.225336451151	9.42477796077	1.04720802328	-0.933285001741
5.633277	0.5527445	0.0838929222626	-0.106117747344	9.45968454581	1.0326634674	-1.16357610607
5.66661	0.555317	0.0846075127418	-0.0177458410262	9.49459113085	0.989029799762	-1.83020825017
5.699943	0.558404	0.0854650213169	0.000119099604196	9.52949771589	0.858128796852	-1.01812909281
5.733276	0.561148	0.0838929222626	0.0340624868019	9.54695100841	0.858128796852	1.52719363921
5.766609	0.563892	0.0854650213169	0.121124297474	9.58185759345	1.00357435564	2.99378435624
5.799942	0.566636	0.0926109261093	0.194608753267	9.61676417849	1.09084169091	3.3937636427
5.833275	0.570066	0.100757257573	0.210449000626	9.65167076353	1.25083180558	3.00590494068
5.866608	0.573496	0.105616472831	0.250228268429	9.70403064109	1.3090100291	1.97565526343
5.899941	0.576926	0.116192411924	0.311088166177	9.73893722613	1.35264369673	1.62415831472
5.933274	0.5812135	0.127197105304	0.33073960087	9.79129710369	1.45445558788	0.521185130842
5.966607	0.585158	0.143061013943	0.228313941256	9.84365698125	1.36718825261	0.157567597698
5.99994	0.591332	0.144776031094	0.0661002803323	9.87856356629	1.38173280849	2.03625818562
6.033273	0.595105	0.138344716781	0.119576002619	9.93092344385	1.52717836728	3.50284890264
6.066606	0.599564	0.154923215899	0.12386358837	9.98328332141	1.62899025843	4.56946033321
6.099939	0.606081	0.154780297803	-0.0529993238701	10.035643199	1.83261404073	5.34517773725
6.133272	0.6103685	0.14420435871	-0.0551431167457	10.105456369	2.03623782304	4.65430442428
6.166605	0.6151705	0.145490621573	0.0571678100172	10.1752695391	2.13804971419	3.91494877354
6.199938	0.6196295	0.156209478761	-0.0446623515759	10.2450827092	2.29803982886	3.10286961618
6.233271	0.6261465	0.151921935886	-0.389932104159	10.3323491718	2.35621805237	1.97565526343
6.266604	0.6306055	0.124052907196	-0.577752179986	10.4021623419	2.39985172001	1.52719363921
6.299937	0.6340355	0.103758537585	-0.485569086333	10.4894288045	2.50166361116	-0.0242411688771
6.33327	0.637294	0.0908959089591	-0.341815864061	10.5766952671	2.39985172001	-1.69688182135
6.366603	0.640038	0.081606232729	-0.237841909592	10.6465084372	2.35621805237	-2.79985500523
6.399936	0.6422675	0.0828924955916	-0.377188446509	10.7337748998	2.2689507171	-5.23609247731
6.433269	0.646212	0.0645989793231	-0.724721091572	10.8035880698	2.02169326716	-7.55112410501
6.466602	0.647241	0.028154864882	-0.86752151701	10.8734012399	1.65807937019	-6.67844202546
6.499935	0.6480985	-0.00757465907992	-0.598237311909	10.908307825	1.45445558788	-2.21806695219
6.533268	0.645869	-0.0185793524602	-0.127793875309	10.9606677025	1.54172292316	1.7453641591
6.566601	0.6460405	-0.00543088764221	0.0569296108087	11.0130275801	1.62899025843	3.93918994242
6.599934	0.6460405	-0.00428754287543	-0.0728889577719	11.0653874576	1.83261404073	4.7270279309
6.633267	0.6460405	-0.0107188571886	-0.251181065263	11.1352006277	2.02169326716	2.9816637718
6.6666	0.6453545	-0.0227239772398	-0.39195679743	11.2050137978	2.0653269348	0.109085259943
6.699933	0.644497	-0.0350149334827	-0.523919158886	11.2748269679	2.02169326716	-2.39987571877
6.733266	0.643811	-0.0653135698024	-0.428043977503	11.344640138	1.84715859661	-2.92106084961
6.766599	0.639352	-0.0740315736491	-0.0703878660836	11.3970000155	1.7162575937	-0.399979286462
6.799932	0.63798	-0.0597397640643	0.0160784465673	11.4493598931	1.83261404073	1.86657000349
6.833265	0.6360935	-0.0621693716937	-0.200325534268	11.5191730632	1.96351504364	1.06661143056
6.866598	0.634207	-0.0758895088951	-0.381595131864	11.5889862332	1.89079226425	0.375738117584
6.899931	0.6309485	-0.0907529908632	-0.462940161535	11.6413461108	1.90533682013	1.61203773028
6.933264	0.628376	-0.110189851899	-0.419230606792	11.7111592809	2.03623782304	2.01201701674
6.966597	0.6234025	-0.123338316717	-0.253205758534	11.780972451	2.07987149067	1.4908318859
6.99993	0.6196295	-0.123052480525	-0.194489653663	11.850785621	2.10896060243	1.47871130146
7.033263	0.6155135	-0.130484221509	-0.283099759189	11.9205987911	2.15259427007	1.91505234124
7.066596	0.611226	-0.144776031094	-0.300488301403	11.9904119612	2.28349527298	1.11509376832
7.099929	0.605738	-0.156066560666	-0.172456226885	12.0776784238	2.28349527298	-1.11509376832
7.133262	0.6004215	-0.156209478761	-0.039421968991	12.1474915939	2.15259427007	-1.91505234124
7.166595	0.5952765	-0.15420862542	-0.0275120085708	12.217304764	2.10896060243	-1.47871130146
7.199928	0.590303	-0.15592364257	-0.0865854122551	12.287117934	2.07987149067	-1.47871130146
7.233261	0.5849865	-0.16106869402	-0.129580369372	12.3569311041	2.03623782304	-1.92717292568
7.266594	0.5794985	-0.165356236896	-0.145539716335	12.4267442742	1.90533682013	-1.19993785938
7.299927	0.5740105	-0.170787124538	-0.145897015148	12.4791041518	1.90533682013	0.678752728542
7.33326	0.5681795	-0.177075520755	-0.091230296819	12.5489173218	2.02169326716	0.678752728539
7.366593	0.5620055	-0.17793302933	-0.0171503430052	12.6187304919	2.02169326716	-1.18781727495
7.399926	0.5561745	-0.174931749317	-0.041208463054	12.688543662	1.89079226425	-1.85444941905
7.433259	0.550515	-0.177504275043	-0.149946401691	12.7409035396	1.84715859661	-1.13933493719
7.466592	0.5445125	-0.185078934123	-0.23295882582	12.8107167096	1.83261404073	-0.75147623517
7.499925	0.53851	-0.200085334187	-0.110762631908	12.8630765872	1.81806948486	-0.81207915736
7.533258	0.530621	-0.199227825612	0.191750362766	12.9328897573	1.7889803731	-1.11509376832
7.566591	0.5246185	-0.181363063631	0.333240692558	12.9852496348	1.68716848195	-7.10549841259E-13
7.599924	0.5187875	-0.168929189292	0.244392387823	13.0376095124	1.7889803731	1.10297318388
7.633257	0.5136425	-0.164355810225	0.112668225575	13.1074226825	1.81806948486	0.727235066293
7.66659	0.507983	-0.165070400704	0.0733653561887	13.15978256	1.83261404073	0.351496948708
7.699923	0.502495	-0.162354956883	0.119456903015	13.2295957301	1.83261404073	0.157567597699
7.733256	0.497007	-0.155780724474	0.139346536917	13.2819556077	1.83261404073	0.436341039777
7.766589	0.492205	-0.150778591119	0.0908729980064	13.3517687778	1.84715859661	1.15145552163
7.799922	0.48706	-0.149921082544	0.0397792678036	13.4041286553	1.89079226425	2.25442870551
7.833255	0.4820865	-0.146776884436	-0.020604231527	13.4739418254	2.03623782304	2.25442870551
7.866588	0.477799	-0.155494888282	0.0539521207037	13.5437549955	2.07987149067	1.16357610607
7.899921	0.471282	-0.151493181598	0.354321322502	13.6135681656	2.09441604655	0.509064546404
7.933254	0.4669945	-0.128197531975	0.579776873257	13.6833813356	2.09441604655	0.496943961967
7.966587	0.46305	-0.10876067094	0.69208780002	13.7531945057	2.10896060243	1.078732015
7.99992	0.45962	-0.0844645946459	0.807495316492	13.8230076758	2.15259427007	1.81808766573
8.033253	0.456876	-0.048735070684	0.726864884447	13.8928208459	2.28349527298	1.01812909281
8.066586	0.456876	-0.0268686020194	0.404938654288	13.9800873085	2.28349527298	-1.52719363921
8.099919	0.455847	-0.0267256839235	0.218190474899	14.0499004786	2.13804971419	-2.99378435624
8.133252	0.454818	-0.0204372877062	0.266664013809	14.1197136486	2.05078237892	-3.40588422714
8.166585	0.454475	-0.0130055467221	0.430664168796	14.1895268187	1.89079226425	-3.09074903175
8.199918	0.4532745	0.0122909562429	0.471634432641	14.2418866963	1.83261404073	-2.38775513433
8.233251	0.455504	0.0302986363197	0.194370554058	14.3116998664	1.77443581722	-2.69076974528
8.266584	0.45619	0.0242960762941	-0.0466870448473	14.3640597439	1.62899025843	-2.33927279658
8.299917	0.457219	0.0152922362557	0.0413275626582	14.4164196215	1.58535659079	-1.16357610607
8.33325	0.4567045	0.0198656153228	0.343245059311	14.468779499	1.57081203492	-0.424220455336
8.366583	0.457905	0.0433041830418	0.517606879864	14.5211393766	1.57081203492	-0.0848440910663
8.399916	0.4597915	0.0627410440771	0.451149300719	14.5734992542	1.57081203492	-1.38113125395E-12
8.433249	0.462364	0.0747461641283	0.322759927388	14.6258591317	1.57081203492	0.0848440910657
8.466582	0.4649365	0.0811774784414	0.268212308664	14.6782190093	1.57081203492	0.4120998709
8.499915	0.4676805	0.0897525641923	0.296081616047	14.7305788868	1.58535659079	1.078732015
8.533248	0.4707675	0.101900602339	0.306324182009	14.7829387644	1.62899025843	1.91505234124
8.566581	0.4745405	0.112619459528	0.256897846265	14.835298642	1.75989126134	1.52719363922
8.599914	0.478485	0.117907429074	0.232720626611	14.905111812	1.77443581722	0.0606029221924
8.633247	0.482258	0.126339596729	0.259994435974	14.9574716896	1.68716848195	0.496943961966
8.66658	0.4868885	0.135629272959	0.288935639795	15.0098315672	1.7889803731	1.52719363921
8.699913	0.4913475	0.144347276806	0.355988716961	15.0796447372	1.83261404073	1.47871130146
8.733246	0.496321	0.159210758774	0.413752024999	15.1320046148	1.87624770837	1.51507305478
8.766579	0.5019805	0.173359650263	0.403747658246	15.2018177849	1.97805959952	0.412099870899
8.799912	0.50764	0.191796084628	0.226884746006	15.271630955	1.89079226425	-0.363617533146
8.833245	0.5153575	0.193225265586	-0.0750327506475	15.3239908325	1.89079226425	0.363617533147
8.866578	0.521017	0.180219718864	-0.200206434664	15.3938040026	1.97805959952	-0.4120998709
8.899911	0.5270195	0.174788831222	-0.174719119365	15.4636171727	1.87624770837	-1.51507305478
8.933244	0.532679	0.169072107388	-0.141013931376	15.5159770502	1.83261404073	-1.47871130146
8.966577	0.538167	0.167214172142	-0.151494696545	15.5857902203	1.7889803731	-1.52719363922
8.99991	0.543998	0.160497021637	-0.20235022754	15.6381500979	1.68716848195	-0.496943961969
9.033243	0.5489715	0.151350263503	-0.187462777015	15.6905099754	1.77443581722	-0.0484823377527
9.066576	0.553945	0.14591937586	-0.10969073547	15.7603231455	1.75989126134	-1.43022896371
9.099909	0.5585755	0.14420435871	-0.0148874505253	15.8126830231	1.62899025843	-1.40598779483
9.133242	0.563549	0.144347276806	0.119456903015	15.8650429006	1.59990114667	0.509064546407
9.166575	0.5681795	0.14834898349	0.350510135168	15.9174027782	1.64353481431	3.09074903175
9.199908	0.5729815	0.165784991183	0.597403614679	15.9697626557	1.83261404073	4.93307786635
9.233241	0.578641	0.197798644653	0.57108260215	16.0395758258	2.03623782304	4.96943961967
9.266574	0.586873	0.212805044717	0.274762786895	16.1093889959	2.15259427007	4.98156020411
9.299907	0.59339	0.210661273279	0.0577633080382	16.179202166	2.35621805237	5.01792195742
9.33324	0.60025	0.219522195222	-0.237127311967	16.2664686286	2.5452972788	3.49072831821
9.366573	0.6089965	0.201085760858	-0.653618627863	16.3537350912	2.60347550231	1.50295247034
9.399906	0.614313	0.164784564512	-0.763666662146	16.4410015538	2.61802005819	0.0969646755039
9.433239	0.6192865	0.143489768231	-0.665528588283	16.5282680164	2.60347550231	-0.969646755058
9.466572	0.623917	0.122623726237	-0.574774689881	16.615534479	2.55984183468	-1.81808766573
9.499905	0.6275185	0.103329783298	-0.437095547423	16.7028009416	2.42894083177	-1.10297318388
9.533238	0.630434	0.0936113527802	-0.321807130555	16.7726141117	2.42894083177	1.078732015
9.566571	0.6336925	0.086322529892	-0.331811497308	16.8598805743	2.55984183468	1.6483994836
9.599904	0.6364365	0.0728882288823	-0.395887084369	16.9471470369	2.60347550231	0.145447013259
9.633237	0.6384945	0.0595968459685	-0.455198687262	17.0344134995	2.58893094643	-2.24230812107
9.66657	0.6405525	0.042160838275	-0.485807285542	17.1216799621	2.48711905528	-5.23609247731
9.699903	0.64141	0.0231527315273	-0.397792678036	17.2089464247	2.16713882595	-6.02393046579
9.733236	0.641753	0.0134343010097	-0.245583383865	17.2613063022	1.96351504364	-3.45436656489
9.766569	0.642096	0.00971843051764	-0.150065501295	17.3311194723	1.9926041554	-1.99989643231
9.799902	0.6426105	0.00371587049204	-0.067648575187	17.4009326424	1.87624770837	-1.70900240579
9.833235	0.6422675	0.00114334476678	0.0647901846861	17.4532925199	1.84715859661	-0.909043832864
9.866568	0.6419245	0.0155780724474	-0.0475207420768	17.52310569	1.83261404073	-0.690873312977
9.899901	0.643811	0.0127197105304	-0.525110154928	17.5754655676	1.81806948486	-0.812079157362
9.933234	0.644154	-0.0245819124858	-0.85191946886	17.6452787377	1.7889803731	-1.18781727495
9.966567	0.6422675	-0.066599832665	-0.599309208346	17.6976386152	1.68716848195	-0.327255779832
9.9999	0.6378085	-0.0617406174062	-0.367779577777	17.7499984928	1.77443581722	0.460582208652
10.033233	0.639009	-0.0753178365117	-0.503672226172	17.8198116629	1.77443581722	0.0484823377521
10.066566	0.633521	-0.105044800448	-0.413632925395	17.8721715404	1.70171303782	1.4908318859
10.099899	0.6309485	-0.10876067094	-0.187700976223	17.924531418	1.84715859661	3.43012539602
10.133232	0.626318	-0.112762377624	-0.0697923680626	17.9943445881	2.02169326716	2.99378435624
10.166565	0.623231	-0.108903589036	-0.0869427110677	18.0641577581	2.07987149067	1.47871130146
10.199898	0.619458	-0.116764084308	-0.177101111449	18.1339709282	2.09441604655	0.412099870899
10.233231	0.615342	-0.122623726237	-0.214617486773	18.2037840983	2.09441604655	-0.327255779833
10.266564	0.6113975	-0.131770484372	-0.219976968962	18.2735972684	2.07987149067	-1.13933493719
10.299897	0.6065955	-0.14077432441	-0.13208146106	18.3434104385	2.03623782304	-2.25442870551
10.33323	0.601622	-0.139630979643	-0.0824169261081	18.4132236085	1.89079226425	-2.26654928995
10.366563	0.5973345	-0.140917242506	-0.166977645092	18.4655834861	1.84715859661	-1.2362996127
10.399896	0.5925325	-0.149635246352	-0.260589933995	18.5353966562	1.83261404073	-0.848440910675
10.433229	0.5877305	-0.166642499758	-0.130294966997	18.5877565337	1.81806948486	-1.2362996127
10.466562	0.580699	-0.164498728321	0.164238354195	18.6575697038	1.77443581722	-2.26654928994
10.499895	0.57624	-0.147348556819	0.245106985449	18.7099295814	1.62899025843	-2.26654928995
10.533228	0.571438	-0.142918095848	0.163761955778	18.7622894589	1.58535659079	-1.2362996127
10.566561	0.566636	-0.137630126301	0.0795585356072	18.8146493365	1.57081203492	-0.836320326238
10.599894	0.5623485	-0.136772617726	-0.0232244228195	18.8670092141	1.55626747904	-1.15145552163
10.633227	0.557718	-0.14077432441	-0.0716979617298	18.9193690916	1.5126338114	-1.84232883461
10.66656	0.552916	-0.144061440614	-0.0540712203079	18.9717289692	1.38173280849	-1.09085259944
10.699893	0.5479425	-0.143489768231	-0.0510937302028	19.0066355542	1.38173280849	1.18781727494
10.733226	0.5434835	-0.145776457765	-0.0895629023602	19.0589954318	1.5126338114	2.25442870551
10.766559	0.5383385	-0.151064427311	-0.0970661774249	19.1113553093	1.57081203492	2.21806695219
10.799892	0.5331935	-0.15177901779	-0.116836711723	19.1637151869	1.62899025843	2.66652857641
10.833225	0.5283915	-0.156924069241	-0.176624713032	19.2160750645	1.77443581722	2.35139338101
10.866558	0.5229035	-0.166213745471	-0.164000154987	19.2858882345	1.81806948486	1.24842019714
10.899891	0.5170725	-0.169643779771	-0.0980189742586	19.3382481121	1.83261404073	0.848440910675
10.933224	0.5115845	-0.172073387401	-0.0398983674078	19.4080612822	1.84715859661	1.2362996127
10.966557	0.505582	-0.172502141688	0.0102425659614	19.4604211597	1.89079226425	2.26654928995
10.99989	0.4999225	-0.169929615963	0.0131009564623	19.5302343298	2.03623782304	2.25442870551
11.033223	0.494263	-0.167928762621	-0.0571678100172	19.6000474999	2.07987149067	1.15145552163
11.066556	0.4892895	-0.178361783618	0.0048830837723	19.66986067	2.09441604655	0.436341039776
11.099889	0.481915	-0.17621801218	0.28595814969	19.7396738401	2.09441604655	0.169688182135
11.133222	0.47677	-0.153636953036	0.430902368004	19.8094870101	2.09441604655	0.424220455337
11.166555	0.4721395	-0.140917242506	0.412561028957	19.8793001802	2.10896060243	1.05449084613
11.199888	0.467509	-0.130341303413	0.496407150316	19.9491133503	2.15259427007	1.7453641591
11.233221	0.4632215	-0.112619459528	0.695303489334	20.0189265204	2.28349527298	0.678752728539
11.266554	0.45962	-0.0837500041667	0.863233931259	20.106192983	2.2689507171	-2.26654928995
11.299887	0.457219	-0.0448762820962	0.739251243284	20.1760061531	2.09441604655	-4.15736046231
11.33322	0.4573905	-0.0267256839235	0.396839881202	20.2458193231	1.90533682013	-3.66041650034
11.366553	0.4560185	-0.0255823391567	0.23295882582	20.2981792007	1.83261404073	-2.29079045882
11.399886	0.4553325	-0.0175789257893	0.255587750618	20.3679923708	1.7889803731	-1.59991714584
11.433219	0.454818	-0.00857508575086	0.3060859828	20.4203522483	1.68716848195	-0.0121205844384
11.466552	0.4546465	0.00457337906712	0.30465678755	20.4727121259	1.7889803731	1.52719363922
11.499885	0.455161	0.0148634819682	0.221406164212	20.542525296	1.83261404073	1.96353467899
11.533218	0.455847	0.0198656153228	0.153995788234	20.5948851735	1.89079226425	3.00590494068
11.566551	0.456876	0.0167214172142	0.320497034909	20.6646983436	2.05078237892	3.40588422714
11.599884	0.45619	0.0345861791951	0.661955600157	20.7345115137	2.13804971419	3.07862844731
11.633217	0.458591	0.0694581945819	0.776172120587	20.8043246838	2.28349527298	1.93929351012
11.66655	0.461335	0.092896762301	0.68470362456	20.8915911464	2.29803982886	0.0363617533164
11.699883	0.464765	0.115477821445	0.53678191614	20.9614043165	2.21077249358	-0.084844091067
11.733216	0.469224	0.130198385317	0.33526538583	21.0312174865	2.29803982886	-0.484823377529
11.766549	0.473683	0.13734429011	0.146373413565	21.1184839491	2.2689507171	-3.17559312281
11.799882	0.478485	0.139345143451	-0.0237008212363	21.1882971192	2.07987149067	-5.73303643928
11.833215	0.4831155	0.135629272959	-0.167692242717	21.2581102893	1.83261404073	-6.65420085658
11.866548	0.487746	0.125767924346	-0.219619670149	21.3104701669	1.58535659079	-5.64819234821
11.899881	0.491519	0.115763657637	-0.109095237449	21.3628300444	1.39627736437	-2.75137266747
11.933214	0.4951205	0.115906575732	0.0911111972148	21.3977366295	1.38173280849	0.666632144101
11.966547	0.499065	0.122909562429	0.271070699165	21.450096507	1.5126338114	2.14534344556
11.99988	0.503181	0.135343436768	0.401246566558	21.5024563846	1.57081203492	2.12110227669
12.033213	0.507983	0.151921935886	0.432807961671	21.5548162621	1.62899025843	2.23018753663
12.066546	0.5132995	0.167642926429	0.324308222243	21.6071761397	1.75989126134	1.10297318388
12.099879	0.5191305	0.180934309343	-0.00202469327144	21.6769893098	1.75989126134	-1.51507305477
12.133212	0.526162	0.170501288346	-0.40017467012	21.7293491873	1.61444570255	-2.9816637718
12.166545	0.530964	0.145490621573	-0.540950402287	21.7817090649	1.52717836728	-3.32104013607
12.199878	0.5355945	0.126482514825	-0.427805778295	21.8340689424	1.36718825261	-2.66652857641
12.233211	0.539196	0.114191558582	-0.202945725561	21.8689755275	1.32355458497	-1.22417902826
12.266544	0.5427975	0.114906149061	-0.0170312434009	21.921335405	1.3090100291	-0.351496948707
12.299877	0.5469135	0.116049493828	0.0837270217543	21.9562419901	1.3090100291	0.35149694871
12.33321	0.550515	0.119479528129	0.189368370682	22.0086018676	1.32355458497	1.2362996127
12.366543	0.554631	0.129340876742	0.258088842307	22.0435084527	1.36718825261	2.76349325191
12.399876	0.55909	0.140345570122	0.229147638485	22.0958683302	1.52717836728	3.83010468248
12.433209	0.564235	0.145490621573	0.175791015803	22.1482282078	1.62899025843	4.55733974877
12.466542	0.5688655	0.148491901586	0.212473693897	22.2005880854	1.83261404073	4.94519845079
12.499875	0.573839	0.158639086391	0.290364835045	22.2704012554	2.02169326716	3.58769299371
12.533208	0.5794985	0.169215025484	0.337290079101	22.3402144255	2.07987149067	2.08474052337
12.566541	0.585158	0.179362210289	0.403271259829	22.4100275956	2.10896060243	1.98777584787
12.599874	0.590989	0.20065700657	0.320616134513	22.4798407657	2.16713882595	2.99378435624
12.633207	0.5990495	0.207231238979	0.0375163753237	22.5496539358	2.34167349649	2.94530201849
12.66654	0.605052	0.203658286583	-0.272738093623	22.6369203984	2.4725744994	-0.0121205844388
12.699873	0.612941	0.189223558902	-0.57334549463	22.724186861	2.34167349649	-3.03014610955
12.733206	0.6182575	0.15763865972	-0.652427631821	22.794000031	2.16713882595	-3.3937636427
12.766539	0.6227165	0.143203932039	-0.63456269119	22.8638132011	2.09441604655	-2.95742260293
12.799872	0.6282045	0.118907855745	-0.674580158202	22.9336263712	2.02169326716	-3.3937636427
12.833205	0.630777	0.0927538442051	-0.562864729461	23.0034395413	1.84715859661	-3.01802552512
12.866538	0.633864	0.0801770517705	-0.40982173806	23.0557994188	1.7162575937	0.0848440910668
12.899871	0.636265	0.0661710783774	-0.266425814601	23.1081592964	1.84715859661	3.43012539602
12.933204	0.63798	0.061883535502	-0.133272457102	23.1779724665	2.03623782304	4.38765156663
12.966537	0.6402095	0.0617406174062	-0.14256222623	23.2477856366	2.15259427007	4.46037507326
12.99987	0.6422675	0.0568814021474	-0.283099759189	23.3175988066	2.34167349649	3.84222526691
13.033203	0.6443255	0.0425895925626	-0.424947387794	23.4048652692	2.48711905528	1.17569669051
13.066536	0.645183	0.0248677486775	-0.460439069846	23.4921317318	2.39985172001	-0.993887923932
13.099869	0.645869	0.00986134861349	-0.418754208376	23.5619449019	2.35621805237	-1.28478195045
13.133202	0.645869	-0.00428754287543	-0.343840557332	23.6492113645	2.31258438474	-1.01812909281
13.166535	0.6453545	-0.0127197105304	-0.300369201798	23.7190245346	2.22531704946	0.981767339496
13.199868	0.64484	-0.0172930895976	-0.458414376575	23.7888377047	2.37076260825	2.84833734298
13.233201	0.64484	-0.040302903029	-0.697209083001	23.8761041673	2.53075272292	1.4908318859
13.266534	0.6422675	-0.0680290136235	-0.795347156864	23.9633706299	2.53075272292	-1.50295247034
13.299867	0.6405525	-0.100757257573	-0.668982476805	24.0506370925	2.37076260825	-2.94530201849
13.3332	0.6350645	-0.120194118608	-0.326094716306	24.1204502626	2.22531704946	-1.4908318859
13.366533	0.6316345	-0.114334476678	-0.169240537572	24.1902634326	2.29803982886	-0.545426299719
13.399866	0.628376	-0.128483368167	-0.101711061989	24.2775298952	2.28349527298	-2.02413760118
13.433199	0.622545	-0.128054613879	0.0999245679258	24.3473430653	2.13804971419	-2.99378435624
13.466532	0.6192865	-0.11462031287	0.0958751813829	24.4171562354	2.05078237892	-2.90894026517
13.499865	0.6155135	-0.116049493828	-0.0695541688542	24.4869694055	1.90533682013	-1.51507305478
13.533198	0.611569	-0.119908282416	-0.238794706426	24.539329283	1.90533682013	1.01812909281
13.566531	0.607796	-0.133056747234	-0.367898677381	24.6091424531	2.03623782304	1.81808766573
13.599864	0.6028225	-0.149349410161	-0.354678621315	24.6789556232	2.07987149067	1.078732015
13.633197	0.597506	-0.157352823528	-0.324427321847	24.7487687933	2.09441604655	0.496943961967
13.66653	0.592361	-0.167214172142	-0.381118733448	24.8185819634	2.09441604655	0.496943961966
13.699863	0.58653	-0.181077227439	-0.462463763118	24.8883951334	2.10896060243	1.09085259944
13.733196	0.580699	-0.204372877062	-0.375997450467	24.9582083035	2.15259427007	1.91505234124
13.766529	0.5722955	-0.211804618046	-0.141371230188	25.0280214736	2.28349527298	1.52719363922
13.799862	0.5661215	-0.2065166485	-0.087657308693	25.1152879362	2.29803982886	0.0484823377545
13.833195	0.55909	-0.21409130758	-0.135773548791	25.1851011063	2.21077249358	0.412099870899
13.866528	0.5517155	-0.218521768551	-0.120528799453	25.2549142764	2.31258438474	1.10297318388
13.899861	0.5445125	-0.223238065714	-0.0610980969558	25.342180739	2.34167349649	0.315135195393
13.933194	0.536795	-0.224953082864	0.0726507585635	25.411993909	2.34167349649	-0.81207915736
13.966527	0.529249	-0.218807604743	0.21199729548	25.4992603716	2.29803982886	-2.18170519888
13.99986	0.522046	-0.207802911362	0.271308898373	25.5690735417	2.15259427007	-2.24230812107
14.033193	0.515529	-0.19894198942	0.274167288874	25.6388867118	2.10896060243	-1.16357610607
14.066526	0.5088405	-0.19136733034	0.304061289529	25.7086998819	2.09441604655	-0.509064546404
14.099859	0.502495	-0.177218438851	0.279645870667	25.778513052	2.09441604655	-0.496943961967
14.133192	0.4971785	-0.1686433531	0.154829485463	25.848326222	2.07987149067	-1.078732015
14.166525	0.491519	-0.16692833595	0.0519274274322	25.9181393921	2.03623782304	-1.83020825017
14.199858	0.486374	-0.17278797788	0.156139581109	25.9879525622	1.90533682013	-1.10297318388
14.233191	0.4793425	-0.161497448308	0.398864574474	26.0403124398	1.90533682013	1.10297318388
14.266524	0.4752265	-0.138916389164	0.462463763118	26.1101256098	2.03623782304	1.83020825017
14.299857	0.470596	-0.127911695784	0.442216830403	26.1799387799	2.07987149067	1.06661143056
14.33319	0.46648	-0.111904869049	0.479733205727	26.24975195	2.09441604655	0.412099870899
14.366523	0.4632215	-0.0968984689847	0.54583348606	26.3195651201	2.09441604655	0.0848440910682
14.399856	0.459963	-0.0790337070037	0.675413855432	26.3893782902	2.09441604655	0.0242411688764
14.433189	0.457219	-0.0445904459045	0.600381104784	26.4591914602	2.09441604655	0.0848440910668
14.466522	0.4577335	-0.0297269639363	0.296796213672	26.5290046303	2.09441604655	0.4120998709
14.499855	0.4560185	-0.034729097291	0.244511487428	26.5988178004	2.10896060243	1.06661143056
14.533188	0.4546465	-0.0217235505688	0.411489132519	26.6686309705	2.15259427007	1.83020825017
14.566521	0.4543035	-0.00142918095848	0.445551619321	26.7384441406	2.28349527298	1.10297318388
14.599854	0.454818	0.0128626286263	0.349795537542	26.8257106032	2.28349527298	-1.10297318388
14.633187	0.4553325	0.0217235505688	0.259994435974	26.8955237732	2.15259427007	-1.83020825017
14.66652	0.456533	0.0242960762941	0.337885577122	26.9653369433	2.10896060243	-1.06661143056
14.699853	0.456533	0.0385878858789	0.569415207692	27.0351501134	2.09441604655	-0.412099870899
14.733186	0.458591	0.0673144231442	0.666124086304	27.1049632835	2.09441604655	-0.0969646755039
14.766519	0.461335	0.0888950556172	0.585970052676	27.1747764536	2.09441604655	-0.0969646755052
14.799852	0.4645935	0.107474408077	0.449362806656	27.2445896236	2.09441604655	-0.4120998709
14.833185	0.4687095	0.118764937649	0.309420771718	27.3144027937	2.07987149067	-1.078732015
14.866518	0.472654	0.125482088154	0.242963192573	27.3842159638	2.03623782304	-1.92717292568
14.899851	0.4769415	0.134485928193	0.19639524733	27.4540291339	1.90533682013	-1.59991714584
14.933184	0.4817435	0.139773897739	0.12838937333	27.5063890114	1.89079226425	-0.399979286459
14.966517	0.486374	0.142060587273	0.0852753166089	27.5762021815	1.96351504364	-1.24842019713
14.99985	0.491176	0.144633112998	0.0574060092256	27.6460153516	1.83261404073	-2.78773442079
15.033183	0.495978	0.147205638723	-0.00142919525044	27.6983752292	1.68716848195	-2.23018753663
15.066516	0.501123	0.14591937586	-0.0843225197753	27.7507351067	1.7162575937	-2.21806695219
15.099849	0.505925	0.138630552972	-0.0699114676668	27.8205482768	1.57081203492	-2.70289032972
15.133182	0.5102125	0.136772617726	0.0752709498559	27.8554548618	1.43991103201	-0.812079157361
15.166515	0.514843	0.141631832985	0.258446141119	27.9078147394	1.52717836728	0.836320326239
15.199848	0.5191305	0.159782431158	0.268926906289	27.9601746169	1.55626747904	1.06661143056
15.233181	0.525819	0.168929189292	0.0226289247985	28.0125344945	1.58535659079	1.39386721039
15.266514	0.5311355	0.158067414007	-0.151851995358	28.0648943721	1.62899025843	1.89081117236
15.299847	0.536109	0.15177901779	-0.142204927418	28.1172542496	1.75989126134	1.03024967725
15.33318	0.5410825	0.148920655873	-0.118385006577	28.1870674197	1.75989126134	-1.51507305478
15.366513	0.546056	0.146348130148	-0.143753222272	28.2394272973	1.61444570255	-2.90894026517
15.399846	0.5510295	0.139202225356	-0.170193334405	28.2917871748	1.52717836728	-2.9816637718
15.433179	0.555317	0.132342156755	-0.134701652353	28.3441470524	1.38173280849	-1.92717292568
15.466512	0.5596045	0.131341730084	-0.125292783621	28.3790536374	1.36718825261	-0.0606029221898
15.499845	0.564235	0.126339596729	-0.168168641134	28.431413515	1.45445558788	-0.096964675507
15.533178	0.5681795	0.11805034717	-0.157211477547	28.4837733925	1.36718825261	-0.460582208653
15.566511	0.5719525	0.113476968103	-0.0840843205669	28.5186799776	1.36718825261	0.363617533148
15.599844	0.575554	0.113619886199	-0.0215570283606	28.5710398551	1.45445558788	-0.327255779831
15.633177	0.57967	0.112619459528	0.0298940006548	28.6233997327	1.35264369673	-1.09085259944
15.66651	0.5831	0.111476114761	0.158521573193	28.6583063177	1.32355458497	-0.303014610957
15.699843	0.5863585	0.127911695784	0.153995788234	28.7106661953	1.32355458497	0.89692324843
15.733176	0.5921895	0.129912549125	-0.0514510290154	28.7455727803	1.36718825261	2.61804623866
15.766509	0.5956195	0.117192838595	-0.0757473482727	28.7979326579	1.52717836728	3.49072831821
15.799842	0.5993925	0.118764937649	0.0568105112045	28.8502925355	1.61444570255	3.9028281891
15.833175	0.603337	0.125482088154	0.0944459861325	28.902652413	1.7889803731	4.16948104674
15.866508	0.6079675	0.128197531975	0.0595498021012	28.9724655831	1.89079226425	4.2179633845
15.899841	0.6120835	0.126625432921	0.0813450296702	29.0248254607	2.07987149067	3.79374292916
15.933174	0.6161995	0.130055467221	0.171503430051	29.1120919233	2.22531704946	1.2362996127
15.966507	0.6203155	0.144490194902	0.0590734036844	29.1819050933	2.13804971419	-0.67875272854
15.99984	0.626318	0.142632259656	-0.299654604173	29.2517182634	2.10896060243	-0.727235066292
16.033173	0.6302625	0.127197105304	-0.7226963983	29.3215314335	2.09441604655	-0.739355650728
16.066506	0.6357505	0.0841787584543	-0.856802552632	29.3913446036	2.07987149067	-1.13933493719
16.099839	0.6350645	0.0603114364477	-0.676128453057	29.4611577737	2.03623782304	-1.85444941905
16.133172	0.639695	0.0414462477958	-0.506768815881	29.5309709437	1.90533682013	-1.18781727494
16.166505	0.63798	0.0218664686647	-0.224860052734	29.5833308213	1.90533682013	0.67875272854
16.199838	0.640038	0.031870735374	-0.108857038241	29.6531439914	2.02169326716	0.666632144102
16.233171	0.6408955	0.0220093867605	-0.199134538226	29.7229571615	2.02169326716	-1.26054078157
16.266504	0.64141	0.0154351543515	-0.230815032944	29.7927703315	1.89079226425	-2.18170519888
16.299837	0.6419245	0.00643131431314	-0.253801256555	29.8451302091	1.83261404073	-1.79384649686
16.33317	0.6419245	-0.00328711620449	-0.214141088356	29.9149433792	1.7889803731	-1.51507305478
16.366503	0.6415815	-0.00943259432594	-0.146968911586	29.9673032567	1.68716848195	-0.0969646755055
16.399836	0.641067	-0.00986134861349	-0.185318984139	30.0196631343	1.7889803731	1.01812909281
16.433169	0.641067	-0.0162926629266	-0.36730317936	30.0894763044	1.81806948486	0.387858702023
16.466502	0.640381	-0.0335857525242	-0.541069501892	30.1418361819	1.81806948486	-0.399979286459
16.499835	0.639352	-0.0633127164605	-0.413752024999	30.211649352	1.7889803731	-1.10297318388
16.533168	0.635236	-0.0688865221986	-0.0741990534181	30.2640092296	1.68716848195	-0.327255779833
16.566501	0.634207	-0.0584535012017	0.0210806299438	30.3163691071	1.77443581722	0.363617533145
16.599834	0.6319775	-0.0621693716937	-0.0471634432641	30.3861822772	1.77443581722	-0.460582208652
16.633167	0.6299195	-0.0633127164605	-0.103497556052	30.4385421548	1.68716848195	-0.0848440910675
16.6665	0.6278615	-0.0687436041027	-0.163404656966	30.4909020323	1.77443581722	0.0242411688762
16.699833	0.6254605	-0.0766040993743	-0.153519389817	30.5607152024	1.75989126134	-1.51507305478
16.733166	0.622545	-0.0794624612913	-0.137798242062	30.61307508	1.62899025843	-1.91505234124
16.766499	0.620144	-0.0830354136875	-0.182460593638	30.6654349575	1.58535659079	-1.078732015
16.799832	0.6172285	-0.0907529908632	-0.247727176741	30.7177948351	1.57081203492	-0.412099870901
16.833165	0.614313	-0.104758964256	-0.193298657621	30.7701547127	1.57081203492	-0.0848440910673
16.866498	0.609511	-0.101614766148	-0.169836035593	30.8225145902	1.57081203492	-0.0121205844382
16.899831	0.608139	-0.111904869049	-0.227599343631	30.8748744678	1.57081203492	-0.0121205844384
16.933164	0.602308	-0.127054187209	-0.031204096301	30.9272343453	1.57081203492	-0.0848440910657
16.966497	0.598535	-0.113619886199	0.150899198524	30.9795942229	1.57081203492	-0.424220455336
16.99983	0.595105	-0.108331916653	0.112072727554	31.0319541005	1.55626747904	-1.15145552163
17.033163	0.5915035	-0.106616899502	0.0562150131835	31.084313978	1.5126338114	-2.25442870551
17.066496	0.587902	-0.104901882352	-0.00440668535549	31.1366738556	1.36718825261	-2.26654928994
17.099829	0.5846435	-0.106902735694	-0.0440668535549	31.1715804406	1.32355458498	-1.2362996127
17.133162	0.5808705	-0.110618606186	0.00190559366724	31.2239403182	1.3090100291	-0.860561495113
17.166495	0.5770975	-0.109475261419	0.126602879267	31.2588469032	1.29446547322	-1.34538487264
17.199828	0.5733245	-0.10118601186	0.239985702468	31.3112067808	1.25083180558	-2.86045792742
17.233161	0.570409	-0.0923250899176	0.328238509182	31.3461133658	1.09084169091	-4.25432513781
17.266494	0.5671505	-0.081606232729	0.463535659556	31.3810199509	0.974485243883	-5.72091585484
17.299827	0.564578	-0.0603114364477	0.557267048063	31.4159265359	0.727227793942	-7.27235066293
17.33316	0.563206	-0.0404458211249	0.53451902366	31.4333798284	0.392703008729	-6.18149806349
17.366493	0.5620055	-0.0235814858149	0.459486273013	31.4333798284	0.276346561698	-3.97555169574
17.399826	0.5616625	-0.00914675813425	0.3486045415	31.4508331209	0.203623782304	-3.59981357815
17.433159	0.561491	0.00114334476678	0.20377942279	31.4508331209	0.0436336676365	-3.50284890264
17.466492	0.5620055	0.00371587049204	0.0914684960274	31.4508331209	-0.0436336676365	-3.00590494068
17.499825	0.561834	0.0030012800128	0.109333436658	31.4508331209	-0.189079226425	-1.52719363922
17.533158	0.5620055	0.00857508575086	0.199610936643	31.4333798284	-0.189079226425	1.01812909281
17.566491	0.5623485	0.0162926629266	0.268569607476	31.4333798284	-0.0581782235154	1.81808766573
17.599824	0.5626915	0.032871162045	0.148993604857	31.4333798284	-0.0145445558788	1.06661143056
17.633157	0.5650925	0.0335857525242	-0.16495295182	31.4333798284	0	0.412099870899
17.66649	0.565607	0.0155780724474	-0.30977807053	31.4333798284	0	0.0848440910675
17.699823	0.5657785	0.00514505145051	-0.229504937298	31.4333798284	0	0.0121205844382
17.733156	0.5657785	-0.000285836191695	-0.103378456448	31.4333798284	0	0
17.766489	0.565607	0	-0.0161975461715	31.4333798284	0	0
17.799822	0.5657785	0.00100042667093	-0.00309658970926	31.4333798284	0	0
17.833155	0.5657785	-0.000428754287543	0.00131009564623	31.4333798284	0	0
17.866488	0.565607	0.00128626286263	-0.0048830837723	31.4333798284	0	0
17.899821	0.56595	0.00057167238339	-0.038230972949	31.4333798284	0	0
17.933154	0.5657785	-0.0030012800128	-0.0238199208405	31.4333798284	0	0
17.966487	0.565607	-0.00285836191695	0.0344197856145	31.4333798284	0	0
17.99982	0.5654355	0.00100042667093	0.0503791325776	31.4333798284	0	0
18.033153	0.5657785	0.0027154438211	0.00738417546055	31.4333798284	0	0
18.066486	0.5657785	0.000142918095848	-0.010004366753	31.4333798284	0	0
18.099819	0.565607	0.00142918095848	-0.0103616655656	31.4333798284	0	0
18.133152	0.56595	0.000714590479238	-0.0325141919473	31.4333798284	0	0
18.166485	0.5657785	-0.00242960762941	-0.0107189643782	31.4333798284	0	0
18.199818	0.565607	-0.00114334476678	0.0346579848229	31.4333798284	0	0
18.233151	0.565607	0.00228668953356	0.0216761279648	31.4333798284	0	0
18.266484	0.56595	0.00142918095848	-0.0203660323186	31.4333798284	0	0
18.299817	0.5657785	-0.00157209905432	-0.00428758575129	31.4333798284	0	0
18.33315	0.565607	0.00100042667093	0.0197705342976	31.4333798284	0	0
18.366483	0.56595	0.00142918095848	0.0047639841681	31.4333798284	0	0
18.399816	0.5657785	0.000142918095848	0.0126245580455	31.4333798284	0	0
18.433149	0.5657785	0.00285836191695	0.00285839050086	31.4333798284	0	0
18.466482	0.5661215	0.00157209905432	-0.0323950923431	31.4333798284	0	0
18.499815	0.56595	-0.00100042667093	-0.0235817216321	31.4333798284	0	0
18.533148	0.56595	-0.00114334476678	0.0131009564623	31.4333798284	0	0
18.566481	0.5657785	0.00114334476678	0.0209615303396	31.4333798284	0	0
18.599814	0.5661215	0.00142918095848	-0.00262019129245	31.4333798284	0	0
18.633147	0.56595	-0.000285836191695	-0.000714597625214	31.4333798284	0	0
18.66648	0.56595	0.00142918095848	-0.000952796833619	31.4333798284	0	0
18.699813	0.5661215	0.00100042667093	-0.0289412038212	31.4333798284	0	0
18.733146	0.5661215	-0.00157209905432	-0.0279884069876	31.4333798284	0	0
18.766479	0.56595	-0.00257252572526	0.0131009564623	31.4333798284	0	0
18.799812	0.5657785	0.00057167238339	0.0253682156951	31.4333798284	0	0
18.833145	0.5661215	0.000857508575086	-0.00607407981432	31.4333798284	0	0
18.866478	0.56595	-0.00171501715017	0.00321568931346	31.4333798284	0	0
18.899811	0.5657785	0.00100042667093	0.0132200560665	31.4333798284	0	0
18.933144	0.5661215	0.00100042667093	-0.0177458410262	31.4333798284	0	0
18.966477	0.56595	-0.00128626286263	-0.0203660323186	31.4333798284	0	0
18.99981	0.56595	-0.00157209905432	0.00559768139751	31.4333798284	0	0
19.033143	0.5657785	-0.000285836191695	0.0184604386514	31.4333798284	0	0
19.066476	0.56595	0.000857508575086	0.00154829485463	31.4333798284	0	0
19.099809	0.56595	-0.000857508575086	-0.00226289247985	31.4333798284	0	0
19.133142	0.5657785	0	0.0120290600244	31.4333798284	0	0
19.166475	0.56595	0.00100042667093	0.00190559366724	31.4333798284	0	0
19.199808	0.56595	-0.000428754287543	0.00178649406304	31.4333798284	0	0
19.233141	0.5657785	0.00128626286263	-0.0050021833765	31.4333798284	0	0
19.266474	0.5661215	0.00057167238339	-0.0390646701784	31.4333798284	0	0
19.299807	0.56595	-0.0030012800128	-0.0278693073834	31.4333798284	0	0
19.33314	0.5657785	-0.0030012800128	0.0239390204447	31.4333798284	0	0
19.366473	0.565607	0.000428754287543	0.0325141919473	31.4333798284	0	0
19.399806	0.56595	0.000857508575086	-0.00273929089666	31.4333798284	0	0
19.433139	0.5657785	-0.00171501715017	0.00404938654288	31.4333798284	0	0
19.466472	0.565607	0.00100042667093	0.0140537532959	31.4333798284	0	0
19.499805	0.56595	0.00100042667093	-0.0145301517127	31.4333798284	0	0
19.533138	0.5657785	-0.00114334476678	-0.0138155540875	31.4333798284	0	0
19.566471	0.5657785	-0.00114334476678	0.0138155540875	31.4333798284	0	0
19.599804	0.565607	0.00100042667093	0.0145301517127	31.4333798284	0	0
19.633137	0.56595	0.00100042667093	-0.0139346536917	31.4333798284	0	0
19.66647	0.5657785	-0.00171501715017	-0.00333478891767	31.4333798284	0	0
19.699803	0.565607	0.000857508575086	0.00607407981432	31.4333798284	0	0
19.733136	0.56595	0.00057167238339	-0.0253682156951	31.4333798284	0	0
19.766469	0.5657785	-0.00257252572526	-0.0131009564623	31.4333798284	0	0
19.799802	0.565607	-0.00157209905432	0.0279884069876	31.4333798284	0	0
19.833135	0.565607	0.00100042667093	0.028965023742	31.4333798284	0	0
19.866468	0.5657785	0.00142918095848	0.00114335620034	31.4333798284	0	0
19.899801	0.5657785	-0.000285836191695	0.000809877308576	31.4333798284	0	0
19.933134	0.565607	0.00145776457765	0.00121481596286	31.4333798284	0	0
19.966467	0.56595	0.00128626286263	-0.0324903720264	31.4333798284	0	0
19.9998	0.5657785	-0.00171501715017	-0.0632657097523	31.4333798284	0	0
