Vernier Format 2
Sin título.cmbl 8/05/2025 12:03:27 .
Último
Tiempo	Posición	Velocidad 1	Aceleración 1	Angulo	Velocidad 2	Aceleración 2
t	x	v 1	a 1	Angulo	v 2	a 2
s	m	m/s	m/s²	rad	rad/s	rad/s²

0.033333	0.5729815	0.0331569982366	-0.843368117278	0	0	0
0.066666	0.575211	-0.00100042667093	-0.577073312242	0	0	0
0.099999	0.5729815	-0.0190366903669	-0.185652463031	0	0	0
0.133332	0.57281	-0.00886092194255	0.0803684129158	0	0	0.0121205844382
0.166665	0.5726385	-0.0032871162045	0.065099843657	0	0	0.0848440910674
0.199998	0.57281	-0.00242960762941	-0.0484497189895	0	0	0.424220455337
0.233331	0.5726385	-0.00786049527162	-0.146492513169	0	0.0145445558788	1.17569669051
0.266664	0.5722955	-0.0142918095848	-0.187224577806	0	0.0581782235153	2.42411688764
0.299997	0.5716095	-0.019722697227	-0.238437407613	0	0.203623782304	3.10286961618
0.33333	0.571095	-0.0285836191695	-0.323236325805	0.0174532925199	0.276346561698	3.46648714933
0.366663	0.5698945	-0.0427325106584	-0.364206589651	0.0174532925199	0.37815845285	5.01792195742
0.399996	0.5681795	-0.055309303093	-0.335146286226	0.0349065850398	0.669049570427	5.01792195743
0.433329	0.5661215	-0.0655994059941	-0.284767153648	0.0698131700797	0.770861461579	3.46648714934
0.466662	0.5637205	-0.073174065074	-0.258207941911	0.0872664625997	0.843584240973	3.10286961618
0.499995	0.5613195	-0.0823208232082	-0.242129495343	0.12217304764	0.989029799762	2.42411688764
0.533328	0.5582325	-0.0907529908632	-0.190797565932	0.157079632679	1.0326634674	1.1756966905
0.566661	0.5551455	-0.0957551242179	-0.125650082434	0.191986217719	1.04720802328	0.424220455331
0.599994	0.5517155	-0.0971843051764	-0.110881731512	0.226892802759	1.04720802328	0.096964675502
0.633327	0.5488	-0.101614766148	-0.136369046812	0.261799387799	1.04720802328	0.0969646755092
0.66666	0.545027	-0.108188998557	-0.113382823201	0.296705972839	1.04720802328	0.412099870905
0.699993	0.5414255	-0.110332769994	-0.0591925032886	0.331612557879	1.06175257916	1.06661143056
0.733326	0.5376525	-0.111619032857	-0.0197705342976	0.366519142919	1.10538624679	1.84232883461
0.766659	0.5338795	-0.110046933803	-0.0259637137161	0.401425727959	1.2362872497	1.18781727494
0.799992	0.5304495	-0.112047787145	-0.0675294755828	0.453785605518	1.2362872497	-0.678752728538
0.833325	0.526505	-0.11633533002	-0.0647901846861	0.488692190558	1.11993080267	-0.678752728537
0.866658	0.5225605	-0.117478674787	-0.0341815864061	0.523598775598	1.11993080267	1.18781727495
0.899991	0.518616	-0.117192838595	-0.0362062796775	0.558505360638	1.25083180558	1.85444941905
0.933324	0.514843	-0.119050773841	-0.0607407981432	0.610865238198	1.29446547322	1.15145552163
0.966657	0.510727	-0.122337890046	-0.0601453001222	0.645771823238	1.3090100291	0.836320326237
0.99999	0.506611	-0.123338316716	-0.0609789973516	0.698131700798	1.32355458498	1.2362996127
1.033323	0.502495	-0.125339170058	-0.0903965995896	0.733038285838	1.36718825261	2.26654928994
1.066656	0.4982075	-0.126625432921	-0.166620346279	0.785398163397	1.5126338114	2.25442870551
1.099989	0.494606	-0.140631406314	-0.116003014493	0.837758040957	1.55626747904	1.15145552163
1.133322	0.488432	-0.143061013943	0.158521573193	0.890117918517	1.57081203492	0.424220455339
1.166655	0.484316	-0.125482088154	0.313351058657	0.942477796077	1.57081203492	0.0848440910663
1.199988	0.4803715	-0.114191558582	0.252372061305	0.994837673637	1.57081203492	0.0121205844346
1.233321	0.4769415	-0.10876067094	0.170550633218	1.0471975512	1.57081203491	-1.06693499601E-12
1.266654	0.4731685	-0.106045227119	0.171503430051	1.09955742876	1.57081203492	1.22347800792E-12
1.299987	0.4697385	-0.0993280766141	0.239271104843	1.15191730632	1.57081203492	-0.0121205844395
1.33332	0.46648	-0.0901813184799	0.312517361427	1.20427718388	1.57081203491	-0.0848440910665
1.366653	0.4635645	-0.0766040993743	0.337647377914	1.25663706144	1.57081203492	-0.412099870896
1.399986	0.4615065	-0.0663139964733	0.33669458108	1.308996939	1.55626747904	-1.06661143056
1.433319	0.459277	-0.0574530745307	0.411608232123	1.36135681656	1.5126338114	-1.83020825017
1.466652	0.4573905	-0.0413033297	0.514272090946	1.41371669412	1.38173280849	-1.10297318388
1.499985	0.4560185	-0.0142918095848	0.373377259175	1.44862327916	1.38173280849	1.11509376832
1.533318	0.457219	-0.00828924955916	0.0279884069876	1.50098315672	1.5126338114	1.91505234124
1.566651	0.45619	-0.0220093867605	-0.0620508937894	1.55334303427	1.55626747904	1.47871130146
1.599984	0.455161	-0.0217235505688	0.114573819243	1.60570291183	1.58535659079	1.4908318859
1.633317	0.454475	-0.013148464818	0.285243552065	1.65806278939	1.62899025843	1.99989643231
1.66665	0.454132	0.00171501715017	0.322164429367	1.71042266695	1.75989126134	1.53931422366
1.699983	0.4546465	0.0134343010097	0.20604231527	1.78023583703	1.77443581722	0.0484823377552
1.733316	0.4553325	0.0167214172142	0.0727698581677	1.83259571459	1.68716848195	0.424220455334
1.766649	0.45619	0.0100042667093	0.167692242717	1.88495559215	1.7889803731	1.18781727494
1.799982	0.4553325	0.0210089600896	0.447576312593	1.95476876223	1.81806948486	0.727235066291
1.833315	0.4570475	0.0471629716297	0.542141398329	2.00712863979	1.83261404073	0.254532273202
1.866648	0.458934	0.0631697983646	0.461868265097	2.07694180987	1.83261404073	-0.33937636427
1.899981	0.461335	0.0767470174702	0.380523235427	2.12930168743	1.81806948486	-1.05449084612
1.933314	0.464079	0.0876087927546	0.31656674797	2.19911485751	1.77443581722	-1.84232883461
1.966647	0.467166	0.0981847318473	0.255587750618	2.25147473507	1.64353481431	-1.17569669051
1.99998	0.4707675	0.10461604616	0.205565916853	2.30383461263	1.64353481431	0.763596819607
2.033313	0.4741975	0.109761097611	0.214855685981	2.35619449019	1.75989126134	1.09085259944
2.066646	0.4779705	0.117764510978	0.250109168825	2.42600766027	1.77443581722	-0.12120584438
2.099979	0.481915	0.128769204359	0.221644363421	2.47836753783	1.68716848195	-0.0121205844357
2.133312	0.486717	0.135343436768	0.117432209744	2.53072741539	1.77443581722	0.0363617533122
2.166645	0.491176	0.135057600576	0.0528802242659	2.60054058547	1.75989126134	-1.51507305478
2.199978	0.495635	0.136486781534	0.0580015072466	2.65290046303	1.62899025843	-1.91505234124
2.233311	0.5002655	0.137915962493	0.104688552094	2.70526034059	1.58535659079	-1.09085259944
2.266644	0.5047245	0.143489768231	0.150422800108	2.75762021815	1.57081203492	-0.496943961968
2.299977	0.5098695	0.148206065394	0.163881055382	2.80998009571	1.57081203492	-0.496943961966
2.33331	0.5143285	0.158496168295	0.0544285191205	2.86233997327	1.55626747904	-1.09085259944
2.366643	0.5208455	0.156924069241	-0.186748179389	2.91469985083	1.5126338114	-1.91505234124
2.399976	0.5253045	0.141060160602	-0.292865926734	2.96705972839	1.38173280849	-1.52719363922
2.433309	0.529935	0.132056320563	-0.241533997322	3.00196631343	1.36718825261	-0.0484823377503
2.466642	0.534051	0.124767497675	-0.155067684672	3.05432619099	1.45445558788	-0.412099870896
2.499975	0.538167	0.121766217662	-0.0625272922063	3.10668606855	1.35264369673	-1.11509376832
2.533308	0.5421115	0.120765790991	0.0145301517127	3.14159265359	1.32355458497	-0.399979286465
2.566641	0.546056	0.124338743387	0.0437095547423	3.19395253115	1.32355458497	0.399979286461
2.599974	0.550515	0.125196251963	0.0307276978842	3.22885911619	1.35264369673	1.11509376832
2.633307	0.5544595	0.125053333867	0.048830837723	3.28121899375	1.45445558788	0.412099870902
2.66664	0.558747	0.127482941496	0.0902774999854	3.33357887131	1.36718825261	0.0484823377505
2.699973	0.562863	0.132056320563	0.120052401036	3.36848545635	1.38173280849	1.52719363921
2.733306	0.567665	0.135629272959	0.147802608815	3.42084533391	1.5126338114	1.91505234124
2.766639	0.5719525	0.138344716781	0.242963192573	3.47320521147	1.55626747904	1.07873201501
2.799972	0.57624	0.156066560666	0.223669056692	3.52556508903	1.57081203492	0.412099870901
2.833305	0.5829285	0.160068267349	0.0220334267774	3.57792496659	1.57081203492	0.0727235066281
2.866638	0.5873875	0.151064427311	-0.0503791325776	3.63028484415	1.57081203492	-0.0727235066328
2.899971	0.5921895	0.158639086391	-0.172932625302	3.68264472171	1.57081203492	-0.4120998709
2.933304	0.5987065	0.146205212052	-0.427805778295	3.73500459927	1.55626747904	-1.06661143056
2.966637	0.6024795	0.120337036704	-0.406248749934	3.78736447683	1.5126338114	-1.83020825017
2.99997	0.606081	0.111476114761	-0.17400452174	3.83972435439	1.38173280849	-1.11509376832
3.033303	0.6096825	0.110189851899	0.0160784465673	3.87463093943	1.38173280849	1.01812909281
3.066636	0.612941	0.12148038147	-0.0459724472221	3.92699081699	1.5126338114	1.41810837927
3.099969	0.618429	0.115334903349	-0.331573298099	3.97935069455	1.54172292316	-0.0121205844407
3.133302	0.6213445	0.0904671546715	-0.396125283577	4.03171057211	1.5126338114	-1.50295247034
3.166635	0.6237455	0.0818920689207	-0.265234818559	4.08407044967	1.38173280849	-1.4302289637
3.199968	0.626661	0.0776045260453	-0.224860052734	4.11897703471	1.36718825261	0.0484823377553
3.233301	0.6292335	0.0674573412401	-0.198419940601	4.17133691227	1.45445558788	0.0121205844357
3.266634	0.6309485	0.0625981259813	-0.142324027022	4.22369678983	1.36718825261	0.0484823377505
3.299967	0.6333495	0.0590251735851	-0.113501922805	4.25860337487	1.38173280849	1.92717292568
3.3333	0.634893	0.0560238935723	-0.112549125971	4.31096325243	1.52717836728	2.9816637718
3.366633	0.6371225	0.0517363506968	-0.122672592328	4.36332312999	1.61444570255	2.90894026517
3.399966	0.638323	0.0477346440131	-0.127674775705	4.41568300755	1.75989126134	1.51507305478
3.433299	0.640381	0.0425895925626	-0.128032074518	4.48549617763	1.75989126134	-1.03024967725
3.466632	0.641067	0.0393024763581	-0.16126086409	4.53785605519	1.62899025843	-1.9029317568
3.499965	0.642782	0.0383020496872	-0.357060613399	4.59021593275	1.58535659079	-1.47871130146
3.533298	0.6443255	0.0185793524602	-0.587994745947	4.6425758103	1.55626747904	-1.47871130146
3.566631	0.6446685	-0.0157209905432	-0.414585722229	4.69493568786	1.5126338114	-1.92717292567
3.599964	0.642096	-0.0192939429394	0.0316804947178	4.74729556542	1.38173280849	-1.19993785939
3.633297	0.6426105	-0.00100042667093	0.162213660924	4.78220215046	1.38173280849	0.690873312974
3.66663	0.642782	0.00057167238339	0.0321568931347	4.83456202802	1.49808925552	0.763596819609
3.699963	0.642782	-0.00214377143771	-0.0510937302028	4.88692190558	1.49808925552	-0.763596819604
3.733296	0.6426105	-0.0062883962173	-0.0389455705742	4.93928178314	1.38173280849	-0.678752728542
3.766629	0.6422675	-0.00585964192975	-0.00404938654289	4.97418836818	1.38173280849	1.27266136601
3.799962	0.642096	-0.00428754287543	-0.0605025989348	5.02654824574	1.5126338114	2.25442870551
3.833295	0.641753	0.000285836191695	-0.372543561945	5.0789081233	1.57081203492	2.13322286113
3.866628	0.643468	-0.0295840458405	-0.668386978784	5.13126800086	1.62899025843	2.24230812107
3.899961	0.639695	-0.0601685183519	-0.542617796746	5.18362787842	1.75989126134	1.18781727494
3.933294	0.638323	-0.0627410440771	-0.426138383836	5.2534410485	1.75989126134	-1.09085259944
3.966627	0.636608	-0.0884663013297	-0.273690890457	5.30580092606	1.62899025843	-1.83020825017
3.99996	0.6316345	-0.0907529908632	0.0967088786123	5.35816080362	1.58535659079	-1.06661143056
4.033293	0.629748	-0.0728882288823	0.20830520775	5.41052068118	1.57081203492	-0.412099870899
4.066626	0.627347	-0.0677431774318	0.0666957783533	5.46288055874	1.57081203492	-0.084844091064
4.099959	0.6254605	-0.0693152764861	-0.0842034201711	5.5152404363	1.57081203492	-0.0242411688751
4.133292	0.622888	-0.0773186898536	-0.127793875309	5.56760031386	1.57081203492	-0.0848440910687
4.166625	0.620144	-0.0808916422498	-0.0707451648962	5.61996019142	1.57081203492	-0.424220455341
4.199958	0.6174	-0.081606232729	-0.0158402473589	5.67232006898	1.55626747904	-1.15145552163
4.233291	0.614656	-0.0804628879622	-0.00202469327144	5.72467994654	1.5126338114	-2.2544287055
4.266624	0.6120835	-0.0806058060581	-0.0257255145077	5.7770398241	1.36718825261	-2.25442870551
4.299957	0.6093395	-0.0823208232082	-0.0522847262448	5.81194640914	1.32355458497	-1.15145552163
4.33329	0.6065955	-0.0844645946459	-0.0764619458979	5.8643062867	1.3090100291	-0.424220455339
4.366623	0.60368	-0.0864654479878	-0.131724162248	5.89921287174	1.3090100291	-0.0727235066281
4.399956	0.600936	-0.0916104994383	-0.242367694552	5.9515727493	1.3090100291	0.0727235066328
4.433289	0.5976775	-0.101900602339	-0.367422278964	5.98647933434	1.3090100291	0.424220455338
4.466622	0.5942475	-0.115620739541	-0.470800735412	6.0388392119	1.32355458497	1.16357610607
4.499955	0.5904745	-0.14077432441	-0.360395402316	6.07374579694	1.36718825261	2.33927279658
4.533288	0.584129	-0.146348130148	-0.0741990534181	6.1261056745	1.5126338114	2.66652857641
4.566621	0.5801845	-0.13734429011	0.000714597625207	6.17846555206	1.57081203492	2.21806695219
4.599954	0.575554	-0.141203078697	-0.0733653561887	6.23082542962	1.62899025843	2.26654928994
4.633287	0.570752	-0.145061867285	-0.107427842991	6.28318530718	1.75989126134	1.27266136601
4.66662	0.5657785	-0.148206065394	-0.146254313961	6.35299847726	1.75989126134	-0.666632144101
4.699953	0.5609765	-0.153779871132	-0.198419940601	6.40535835482	1.64353481431	-0.666632144101
4.733286	0.55566	-0.162926629266	-0.208900705771	6.45771823238	1.64353481431	1.27266136601
4.766619	0.5500005	-0.169215025484	-0.176862912241	6.51007810994	1.77443581722	2.26654928994
4.799952	0.544341	-0.174360076934	-0.151494696545	6.57989128002	1.83261404073	2.21806695219
4.833285	0.5383385	-0.178361783618	-0.149470003274	6.63225115758	1.89079226425	2.66652857641
4.866618	0.5325075	-0.18379267126	-0.157092377943	6.70206432766	2.03623782304	2.33927279658
4.899951	0.526162	-0.190652739861	-0.114573819243	6.77187749774	2.07987149067	1.16357610606
4.933284	0.519645	-0.19308234749	-0.0323950923431	6.84169066782	2.09441604655	0.424220455335
4.966617	0.513128	-0.190938576052	-0.00666957783534	6.9115038379	2.09441604655	0.0848440910712
4.99995	0.506954	-0.190509821765	-0.0546667183289	6.98131700798	2.09441604655	0.0121205844439
5.033283	0.5006085	-0.194511528449	-0.078248439961	7.05113017806	2.09441604655	2.13164952378E-12
5.066616	0.494263	-0.203372450391	0.112430026367	7.12094334814	2.09441604655	-2.13164952378E-12
5.099949	0.486374	-0.193225265586	0.463535659556	7.19075651822	2.09441604655	-0.0121205844439
5.133282	0.4807145	-0.164355810225	0.604192292119	7.2605696883	2.09441604655	-0.0969646755094
5.166615	0.4759125	-0.146062293956	0.549763772998	7.33038285838	2.09441604655	-0.509064546402
5.199948	0.4711105	-0.130770057701	0.543332394371	7.40019602846	2.07987149067	-1.57567597696
5.233281	0.4669945	-0.111761950953	0.58013417207	7.47000919854	2.02169326716	-3.40588422714
5.266614	0.4635645	-0.0903242365757	0.589066642385	7.53982236862	1.83261404073	-4.50885741102
5.299947	0.4611635	-0.0720307203072	0.578585877215	7.59218224618	1.64353481431	-3.41800481158
5.33328	0.4587625	-0.0543088764221	0.600857503201	7.64454212374	1.58535659079	-1.66052006804
5.366613	0.4570475	-0.0261540115401	0.460319970242	7.69690200129	1.57081203492	-0.921164417305
5.399946	0.4577335	-0.0174360076934	0.163404656966	7.74926187885	1.55626747904	-1.16357610607
5.433279	0.4563615	-0.0222952229522	0.0490690369314	7.80162175641	1.5126338114	-1.85444941905
5.466612	0.455847	-0.0190081067477	0.0843225197753	7.85398163397	1.38173280849	-1.18781727495
5.499945	0.455161	-0.0165784991183	0.149827302087	7.88888821901	1.38173280849	0.69087331298
5.533278	0.4546465	-0.0100042667093	0.239628403655	7.94124809657	1.49808925552	0.763596819609
5.566611	0.4543035	0.00128626286263	0.267378611434	7.99360797413	1.49808925552	-0.751476235171
5.599944	0.454818	0.0105759390927	0.214855685981	8.04596785169	1.38173280849	-0.606029221912
5.633277	0.455161	0.0157209905432	0.146254313961	8.08087443673	1.38173280849	1.61203773028
5.66661	0.455847	0.019722697227	0.10004366753	8.13323431429	1.52717836728	2.99378435624
5.699943	0.456533	0.0221523048564	0.0925403924653	8.18559419185	1.61444570255	3.32104013607
5.733276	0.457562	0.0205802058021	0.239628403655	8.23795406941	1.77443581722	2.6665285764
5.766609	0.4573905	0.0334428344283	0.503791325776	8.30776723949	1.81806948486	1.22417902826
5.799942	0.459277	0.0607401907352	0.588590243968	8.36012711705	1.83261404073	0.363617533147
5.833275	0.4618495	0.0786049527162	0.493906058627	8.42994028713	1.83261404073	-0.2545322732
5.866608	0.4645935	0.0934684346843	0.375282852842	8.48230016469	1.81806948486	-0.71511448185
5.899941	0.468195	0.103329783298	0.264282021725	8.55211333477	1.7889803731	-1.10297318388
5.933274	0.471625	0.109046507132	0.221287064608	8.60447321233	1.68716848195	-0.0121205844418
5.966607	0.475398	0.11633533002	0.23069593334	8.65683308989	1.7889803731	1.03024967724
5.99994	0.4793425	0.124481661483	0.239152005238	8.72664625997	1.81806948486	0.387858702021
6.033273	0.48363	0.134057173905	0.199015438622	8.77900613753	1.81806948486	-0.39997928646
6.066606	0.488432	0.139202225356	0.121600695891	8.84881930761	1.7889803731	-1.11509376831
6.099939	0.4930625	0.140345570122	0.090039300777	8.90117918517	1.68716848195	-0.412099870896
6.133272	0.497693	0.143346850135	0.106117747344	8.95353906273	1.77443581722	-0.0484823377552
6.166605	0.502495	0.149063573969	0.0889674043392	9.02335223281	1.75989126134	-1.51507305478
6.199938	0.5078115	0.150206918736	0.0620508937895	9.07571211037	1.62899025843	-1.83020825017
6.233271	0.5126135	0.149921082544	0.118623205786	9.12807198793	1.58535659079	-0.6666321441
6.266604	0.517587	0.155494888282	0.221644363421	9.18043186549	1.58535659079	0.654511559662
6.299937	0.5225605	0.170644206442	0.158164274381	9.23279174305	1.62899025843	1.7453641591
6.33327	0.5294205	0.173359650263	-0.0964706794039	9.28515162061	1.75989126134	1.10297318388
6.366603	0.534737	0.159067840678	-0.216403980836	9.35496479069	1.75989126134	-1.01812909281
6.399936	0.5397105	0.15177901779	-0.133510656311	9.40732466825	1.62899025843	-1.41810837927
6.433269	0.544684	0.149492328257	-0.0110762631908	9.45968454581	1.59990114667	0.0121205844382
6.466602	0.549486	0.15349403494	0.0484735389104	9.51204442337	1.62899025843	1.50295247034
6.499935	0.554974	0.156209478761	0.00619317941853	9.56440430093	1.75989126134	1.44234954815
6.533268	0.560119	0.153208198749	-0.0254873152993	9.63421747101	1.77443581722	0.0363617533096
6.566601	0.5650925	0.152493608269	-0.00750327506476	9.68657734857	1.68716848195	0.424220455337
6.599934	0.5702375	0.152779444461	0.0116717612118	9.73893722613	1.7889803731	1.18781727495
6.633267	0.575211	0.154494461611	0.0114335620034	9.80875039621	1.81806948486	0.739355650733
6.6666	0.580699	0.15349403494	0.011195362795	9.86111027377	1.83261404073	0.339376364269
6.699933	0.585501	0.151350263503	0.0807495316492	9.93092344385	1.83261404073	0.0606029221924
6.733266	0.5901315	0.163927055937	0.00119099604202	9.98328332141	1.83261404073	-0.0606029221921
6.766599	0.5969915	0.160782857829	-0.315613951136	10.0530964915	1.83261404073	-0.339376364273
6.799932	0.601622	0.136915535822	-0.473778225517	10.105456369	1.81806948486	-0.727235066294
6.833265	0.605738	0.120765790991	-0.384810821178	10.1752695391	1.7889803731	-1.10297318388
6.866598	0.609511	0.109618179515	-0.199491837039	10.2276294167	1.68716848195	-0.0121205844374
6.899931	0.612941	0.105902309023	0.0239390204447	10.2799892942	1.7889803731	1.01812909281
6.933264	0.6161995	0.112476541432	0.155782282297	10.3498024643	1.81806948486	0.303014610957
6.966597	0.6199725	0.128483368167	-0.057644208434	10.4021623419	1.81806948486	-0.812079157362
6.99993	0.6258035	0.116764084308	-0.480924201769	10.471975512	1.77443581722	-2.18170519888
7.033263	0.6285475	0.0830354136875	-0.549287374581	10.5243353895	1.62899025843	-2.24230812107
7.066596	0.630434	0.0704586212529	-0.313470158261	10.5766952671	1.58535659079	-1.15145552163
7.099929	0.633178	0.0638843888439	-0.0831315237333	10.6290551446	1.57081203492	-0.424220455338
7.133262	0.63455	0.0638843888439	0.137679142458	10.6814150222	1.57081203492	-0.0848440910664
7.166595	0.636608	0.0833212498792	0.0689586708332	10.7337748998	1.57081203492	-0.0121205844346
7.199928	0.6412385	0.0753178365117	-0.194251454454	10.7861347773	1.57081203492	0.0121205844395
7.233261	0.6419245	0.0587393373934	-0.209972602209	10.8384946549	1.57081203492	0.0969646755043
7.266594	0.6439825	0.0657423240899	-0.313112859448	10.8908545324	1.57081203492	0.496943961963
7.299927	0.6474125	0.0464483811505	-0.568462410858	10.94321441	1.58535659079	1.4908318859
7.33326	0.647927	0.00871800384671	-0.349319139126	10.9955742876	1.64353481431	2.9816637718
7.366593	0.6460405	0.0180076800768	-0.00857517150258	11.0479341651	1.81806948486	3.35740188939
7.399926	0.6491275	0.0285836191695	-0.167096744696	11.1177473352	1.96351504364	1.15145552163
7.433259	0.649299	0.00700298669653	-0.354202222898	11.1875605053	1.87624770837	-0.678752728538
7.466592	0.6491275	-0.00500213335467	-0.313112859448	11.2399203828	1.84715859661	-0.630270390787
7.499925	0.6487845	-0.0138630552972	-0.251419264471	11.3097335529	1.83261404073	-0.242411688762
7.533258	0.6480985	-0.0184364343643	-0.267021312622	11.3620934305	1.83261404073	0.33937636427
7.566591	0.6477555	-0.0288694553612	-0.365993083714	11.4319066006	1.84715859661	1.05449084612
7.599924	0.6463835	-0.0445904459045	-0.431616965629	11.4842664781	1.89079226425	1.84232883461
7.633257	0.6446685	-0.0595968459685	-0.439120240694	11.5540796482	2.02169326716	1.18781727495
7.66659	0.6422675	-0.0716019660197	-0.450792001906	11.6238928183	2.02169326716	-0.678752728542
7.699923	0.6405525	-0.0957551242179	-0.290960333066	11.6937059884	1.90533682013	-0.678752728543
7.733256	0.635236	-0.101614766148	0.0847989181921	11.7460658659	1.90533682013	1.18781727494
7.766589	0.6323205	-0.0733169831698	0.000833697229419	11.815879036	2.03623782304	1.84232883461
7.799922	0.631806	-0.0824637413041	-0.571201701755	11.8856922061	2.07987149067	1.06661143056
7.833255	0.6282045	-0.127197105304	-0.765929554626	11.9555053762	2.09441604655	0.412099870903
7.866588	0.622202	-0.148634819682	-0.548930075769	12.0253185462	2.09441604655	0.0969646755105
7.899921	0.617743	-0.155209052091	-0.467227747286	12.0951317163	2.09441604655	0.0969646755058
7.933254	0.6127695	-0.179505128385	-0.383262526323	12.1649448864	2.09441604655	0.412099870895
7.966587	0.6052235	-0.188794804615	-0.148993604857	12.2347580565	2.10896060243	1.06661143056
7.99992	0.5993925	-0.180505555056	-0.151851995358	12.3045712266	2.15259427007	1.84232883461
8.033253	0.5939045	-0.189223558902	-0.37921313978	12.3743843966	2.28349527298	1.18781727495
8.066586	0.587559	-0.216377997113	-0.340505768415	12.4616508592	2.28349527298	-0.690873312981
8.099919	0.578641	-0.222952229522	-0.018222239443	12.5314640293	2.16713882595	-0.763596819607
8.133252	0.5719525	-0.209232092321	0.103497556052	12.6012771994	2.16713882595	0.763596819609
8.166585	0.565264	-0.207659993267	-0.0167930441925	12.6710903695	2.28349527298	0.690873312979
8.199918	0.5582325	-0.211375863759	-0.138751038896	12.7583568321	2.28349527298	-1.18781727494
8.233251	0.551201	-0.217664259976	-0.210687199834	12.8281700022	2.15259427007	-1.85444941905
8.266584	0.5441695	-0.233099414327	-0.0531184234743	12.8979831722	2.10896060243	-1.15145552163
8.299917	0.5349085	-0.227811444781	0.277263878583	12.9677963423	2.09441604655	-0.824199741803
8.33325	0.5283915	-0.206087894212	0.387073713658	13.0376095124	2.07987149067	-1.16357610607
8.366583	0.521703	-0.195940709407	0.318115042825	13.1074226825	2.03623782304	-1.92717292567
8.399916	0.5153575	-0.186936869369	0.265353918163	13.1772358526	1.90533682013	-1.51507305477
8.433249	0.5091835	-0.178504701714	0.212354594293	13.2295957301	1.89079226425	0.0363617533118
8.466582	0.503524	-0.171644633113	0.132438759873	13.2994089002	1.97805959952	-3.59234755682E-12
8.499915	0.4978645	-0.169643779771	0.0577633080382	13.3692220703	1.89079226425	-0.0484823377524
8.533248	0.492205	-0.167785844525	0.0115526616076	13.4215819478	1.90533682013	1.43022896371
8.566581	0.48706	-0.174217158838	0.121838895099	13.4913951179	2.03623782304	1.50295247033
8.599914	0.4800285	-0.1652133188	0.380285036218	13.561208288	2.0653269348	1.42109968252E-12
8.633247	0.4755695	-0.142775177752	0.486998281584	13.6310214581	2.03623782304	-1.50295247034
8.66658	0.470939	-0.129197958646	0.489975771689	13.7008346282	1.90533682013	-1.44234954815
8.699913	0.466823	-0.112047787145	0.519869772343	13.7531945057	1.89079226425	-0.0484823377514
8.733246	0.463393	-0.0940401070677	0.544046991997	13.8230076758	1.97805959952	-0.509064546404
8.766579	0.460649	-0.0763182631826	0.58239706455	13.8928208459	1.87624770837	-1.61203773028
8.799912	0.458248	-0.057167238339	0.639564874567	13.9451807234	1.83261404073	-1.9029317568
8.833245	0.4563615	-0.0275831924986	0.521537166802	14.0149938935	1.77443581722	-2.67864916084
8.866578	0.4570475	-0.0155780724474	0.224145455109	14.0673537711	1.62899025843	-2.73925208304
8.899911	0.455847	-0.0185793524602	0.0808686312534	14.1197136486	1.57081203492	-2.23018753663
8.933244	0.455504	-0.0157209905432	0.10456945249	14.1720735262	1.5126338114	-2.25442870551
8.966577	0.454818	-0.0127197105304	0.188653773057	14.2244334038	1.38173280849	-1.18781727495
8.99991	0.454475	-0.00343003430034	0.279526771063	14.2593399888	1.38173280849	1.10297318387
9.033243	0.454475	0.0087180038467	0.281551464334	14.3116998664	1.5126338114	1.91505234124
9.066576	0.455161	0.0182935162685	0.188772872661	14.3640597439	1.55626747904	1.47871130146
9.099909	0.455847	0.0218664686647	0.0827742249207	14.4164196215	1.58535659079	1.4908318859
9.133242	0.4567045	0.0228668953356	0.0354916820523	14.468779499	1.62899025843	1.99989643231
9.166575	0.4577335	0.0165784991183	0.205804116062	14.5211393766	1.75989126134	1.52719363922
9.199908	0.4570475	0.0311561448948	0.512604696487	14.5909525467	1.77443581722	-0.0363617533122
9.233241	0.459277	0.0603114364477	0.566080418774	14.6433124242	1.68716848195	0.0121205844357
9.266574	0.461678	0.0753178365117	0.428877674733	14.6956723018	1.77443581722	0.12120584438
9.299907	0.464422	0.0860366937003	0.332764294141	14.7654854719	1.75989126134	-1.10297318388
9.33324	0.4673375	0.0963267966013	0.270594300748	14.8178453494	1.64353481431	-0.836320326236
9.366573	0.470939	0.104187291873	0.224621853526	14.870205227	1.64353481431	0.836320326236
9.399906	0.474369	0.109761097611	0.227122945214	14.9225651046	1.75989126134	1.11509376831
9.433239	0.478142	0.118336183362	0.261423631224	14.9923782746	1.77443581722	-0.0363617533144
9.466572	0.482258	0.127054187209	0.305490484779	15.0447381522	1.68716848195	0.4120998709
9.499905	0.4865455	0.13905930726	0.324903720264	15.0970980298	1.7889803731	1.18781727495
9.533238	0.491519	0.149778164448	0.295843416839	15.1669111998	1.81806948486	0.727235066295
9.566571	0.496321	0.164212892129	0.143276823855	15.2192710774	1.83261404073	0.26665285764
9.599904	0.5033525	0.157495741624	0.0425185587002	15.2890842475	1.83261404073	-0.266652857644
9.633237	0.506611	0.155637806378	0.208900705771	15.341444125	1.81806948486	-0.727235066294
9.66657	0.5126135	0.179790964576	0.160188967652	15.4112572951	1.7889803731	-1.18781727494
9.699903	0.519645	0.177218438851	-0.157211477547	15.4636171727	1.68716848195	-0.424220455337
9.733236	0.5249615	0.160782857829	-0.270356101539	15.5159770502	1.77443581722	-0.0484823377539
9.766569	0.529935	0.152350690174	-0.197705342976	15.5857902203	1.75989126134	-1.53931422365
9.799902	0.5349085	0.149778164448	-0.147445310003	15.6381500979	1.62899025843	-1.99989643231
9.833235	0.5400535	0.145061867285	-0.155186784276	15.6905099754	1.58535659079	-1.4908318859
9.866568	0.544684	0.138058880589	-0.13517805077	15.742869853	1.55626747904	-1.47871130146
9.899901	0.549143	0.134057173905	-0.0695541688542	15.7952297305	1.5126338114	-1.91505234124
9.933234	0.5534305	0.13491468248	-0.0408511642414	15.8475896081	1.38173280849	-1.11509376832
9.966567	0.5582325	0.133771337713	-0.0728889577719	15.8824961931	1.38173280849	1.10297318388
9.9999	0.56252	0.128483368167	-0.0657429815197	15.9348560707	1.5126338114	1.81808766574
10.033233	0.566636	0.1273400234	-0.00238199208405	15.9872159483	1.55626747904	0.981767339496
10.066566	0.5709235	0.128626286263	0.0657429815197	16.0395758258	1.57081203492	-2.13164952378E-12
10.099899	0.575211	0.131913402467	0.121600695891	16.0919357034	1.55626747904	-0.9817673395
10.133232	0.57967	0.136343863439	0.156139581109	16.1442955809	1.5126338114	-1.81808766573
10.166565	0.5839575	0.147920229202	0.0329905903641	16.1966554585	1.38173280849	-1.10297318387
10.199898	0.5901315	0.143203932039	-0.205804116062	16.2315620435	1.38173280849	1.10297318388
10.233231	0.5939045	0.126911269113	-0.237603710384	16.2839219211	1.5126338114	1.84232883461
10.266564	0.598192	0.12148038147	-0.0913493964232	16.3362817987	1.55626747904	1.16357610607
10.299897	0.601965	0.118622019554	0.117074910931	16.3886416762	1.57081203492	0.921164417305
10.33323	0.605395	0.134628846288	0.175671916199	16.4410015538	1.58535659079	1.66052006803
10.366563	0.6113975	0.138630552972	0.0141728529001	16.4933614313	1.64353481431	3.41800481158
10.399896	0.6151705	0.130198385317	-0.0303703990716	16.5457213089	1.83261404073	4.50885741102
10.433229	0.6196295	0.13148464818	0.0281075065918	16.615534479	2.02169326716	3.40588422714
10.466562	0.623574	0.139773897739	-0.108976137845	16.6853476491	2.07987149068	1.56355539253
10.499895	0.6295765	0.131055893892	-0.408154343602	16.7551608191	2.09441604655	0.412099870897
10.533228	0.6330065	0.104901882352	-0.523085461657	16.8249739892	2.09441604655	-0.412099870905
10.566561	0.6360935	0.0876087927546	-0.418516009167	16.8947871593	2.07987149067	-1.56355539253
10.599894	0.6381515	0.0858937756044	-0.474850121955	16.9646003294	2.02169326716	-3.40588422713
10.633227	0.643125	0.0564526478598	-0.520822569177	17.0344134995	1.83261404073	-4.50885741101
10.66656	0.641753	0.0324424077574	-0.152804792192	17.086773377	1.64353481431	-3.40588422714
10.699893	0.643125	0.0590251735851	-0.122077094307	17.1391332546	1.58535659079	-1.57567597697
10.733226	0.647241	0.0467342173422	-0.621938133145	17.1914931321	1.57081203492	-0.509064546404
10.766559	0.6477555	-0.00142918095848	-0.645996253194	17.2438530097	1.57081203492	-0.096964675507
10.799892	0.6456975	-0.0155780724474	-0.172932625302	17.2962128873	1.57081203491	-0.0121205844372
10.833225	0.6456975	-0.00171501715017	0.0564532123919	17.3485727648	1.57081203492	3.5921625178E-12
10.866558	0.646212	0.000285836191696	-0.040612965033	17.4009326424	1.57081203492	1.30304478702E-12
10.899891	0.6460405	-0.00657423240899	-0.128746672143	17.4532925199	1.57081203492	-0.0121205844395
10.933224	0.6456975	-0.0128626286263	-0.114454719638	17.5056523975	1.57081203492	-0.084844091071
10.966557	0.6450115	-0.0145776457765	-0.104807651698	17.5580122751	1.57081203491	-0.4120998709
10.99989	0.644497	-0.013148464818	-0.269998802727	17.6103721526	1.55626747904	-1.06661143056
11.033223	0.6446685	-0.0267256839235	-0.549763772998	17.6627320302	1.5126338114	-1.83020825017
11.066556	0.6436395	-0.0624552078854	-0.47925680731	17.7150919077	1.38173280849	-1.10297318388
11.099889	0.6395235	-0.0724594745947	-0.0458533476179	17.7499984928	1.38173280849	1.10297318388
11.133222	0.6378085	-0.0551663849972	0.122910791537	17.8023583703	1.5126338114	1.83020825017
11.166555	0.6364365	-0.0520221868885	-0.0383500725532	17.8547182479	1.55626747904	1.06661143056
11.199888	0.6347215	-0.0578818288183	-0.226884746006	17.9070781255	1.57081203491	0.424220455338
11.233221	0.6330065	-0.076889935566	-0.183413390472	17.959438003	1.57081203492	0.169688182139
11.266554	0.6285475	-0.0707444574446	-0.0975425758418	18.0117978806	1.57081203492	0.424220455339
11.299887	0.628719	-0.0741744917449	-0.224383654317	18.0641577581	1.58535659079	1.078732015
11.33322	0.62426	-0.0930396803968	-0.181031398388	18.1165176357	1.62899025843	1.92717292567
11.366553	0.621516	-0.0880375470421	-0.10683234497	18.1688775133	1.75989126134	1.61203773028
11.399886	0.618772	-0.0930396803968	-0.209019805375	18.2386906833	1.77443581722	0.484823377526
11.433219	0.6155135	-0.102472274723	-0.316209449157	18.2910505609	1.70171303782	1.66052006804
11.466552	0.611912	-0.114048640486	-0.43221246365	18.3434104385	1.84715859661	3.8664664358
11.499885	0.608139	-0.132056320563	-0.506530616673	18.4132236085	2.03623782304	4.14523987787
11.533218	0.6031655	-0.151350263503	-0.478184910873	18.4830367786	2.13804971419	3.73314000697
11.566551	0.597849	-0.165499154992	-0.403628558642	18.5528499487	2.29803982886	2.6665285764
11.599884	0.592018	-0.176075094084	-0.385882717616	18.6401164113	2.34167349649	0.824199741798
11.633217	0.586187	-0.189223558902	-0.410417236081	18.7099295814	2.34167349649	-0.727235066292
11.66655	0.5794985	-0.204372877062	-0.3740918568	18.797196044	2.29803982886	-2.26654928994
11.699883	0.57281	-0.222523475235	-0.0981380738628	18.8670092141	2.15259427007	-2.75137266747
11.733216	0.563892	-0.218093014263	0.355512318544	18.9368223841	2.09441604655	-2.7271314986
11.766549	0.557375	-0.188651886519	0.528444943846	19.0066355542	2.02169326716	-3.83010468248
11.799882	0.551887	-0.172073387401	0.387550112075	19.0764487243	1.83261404073	-4.59370150209
11.833215	0.5462275	-0.164355810225	0.241057598906	19.1288086019	1.64353481431	-3.40588422714
11.866548	0.540911	-0.158924922583	0.15673507913	19.1811684794	1.58535659079	-1.4908318859
11.899881	0.5355945	-0.153636953036	0.0790821371904	19.233528357	1.57081203492	-0.096964675506
11.933214	0.5307925	-0.152207772078	-0.0257255145077	19.2858882345	1.58535659079	0.981767339497
11.966547	0.5256475	-0.156638233049	-0.088252806714	19.3382481121	1.62899025843	1.91505234124
11.99988	0.520331	-0.160782857829	-0.0728889577719	19.3906079897	1.75989126134	1.59991714584
12.033213	0.514843	-0.162640793075	-0.0239390204447	19.4604211597	1.77443581722	0.387858702017
12.066546	0.509355	-0.160639939733	-0.0265592117371	19.5127810373	1.70171303782	1.16357610607
12.099879	0.50421	-0.1617832845	-0.0944459861325	19.5651409149	1.83261404073	2.37563454989
12.133212	0.498722	-0.166785417854	-0.141966728209	19.6349540849	1.96351504364	1.15145552163
12.166545	0.4934055	-0.178218865522	0.00571678100172	19.704767255	1.89079226425	0.303014610956
12.199878	0.4862025	-0.172073387401	0.303227592299	19.7571271326	1.90533682013	1.18781727495
12.233211	0.4814005	-0.150778591119	0.416134017083	19.8269403027	2.02169326716	0.848440910677
12.266544	0.4765985	-0.139202225356	0.384334422761	19.8967534727	2.02169326716	-0.848440910676
12.299877	0.4721395	-0.127625859592	0.395291586348	19.9665666428	1.90533682013	-1.19993785939
12.33321	0.4680235	-0.115049067157	0.462106464305	20.0189265204	1.89079226425	-0.387858702022
12.366543	0.4642505	-0.0964697146971	0.538330210995	20.0887396905	1.96351504364	-1.56355539253
12.399876	0.461678	-0.0780332803328	0.583588060592	20.1585528605	1.81806948486	-3.45436656489
12.433209	0.4591055	-0.0601685183518	0.65695341678	20.2109127381	1.64353481431	-3.07862844731
12.466542	0.4570475	-0.0287265372654	0.556790649646	20.2632726157	1.58535659079	-1.91505234124
12.499875	0.4577335	-0.0130055467221	0.192464960391	20.3156324932	1.55626747904	-1.6483994836
12.533208	0.4570475	-0.0208660419938	-0.0522847262449	20.3679923708	1.5126338114	-2.33927279657
12.566541	0.4560185	-0.0242960762941	-0.0702687664794	20.4203522483	1.36718825261	-2.19382578332
12.599874	0.4553325	-0.0254394210609	-0.0229862236111	20.4552588334	1.32355458497	-0.824199741802
12.633207	0.4546465	-0.0311561448948	0.190082968307	20.5076187109	1.32355458497	0.230291104326
12.66654	0.4525885	-0.0174360076934	0.49569255269	20.542525296	1.35264369673	0.678752728544
12.699873	0.4529315	0.0108617752844	0.525586553345	20.5948851735	1.43991103201	-0.739355650727
12.733206	0.4536175	0.0297269639363	0.212116395084	20.6472450511	1.3090100291	-2.20594636776
12.766539	0.4556755	0.0268686020194	-0.15078009892	20.6821516361	1.17810902619	-0.727235066298
12.799872	0.4560185	0.00671715050484	-0.153638489421	20.7170582212	1.26537636146	0.775717404041
12.833205	0.4553325	0.00686006860069	0.135892648395	20.7694180987	1.29446547322	0.727235066292
12.866538	0.4560185	0.0207231238979	0.326690214327	20.8043246838	1.3090100291	0.666632144104
12.899871	0.456876	0.0335857525242	0.372424462341	20.8566845613	1.32355458497	0.812079157365
12.933204	0.458248	0.0465912992463	0.350986533584	20.8915911464	1.35264369673	1.18781727495
12.966537	0.459963	0.0587393373934	0.269998802727	20.9439510239	1.45445558788	0.339376364267
12.99987	0.462364	0.0651706517065	0.177458410262	20.9963109015	1.36718825261	-0.375738117588
13.033203	0.464422	0.0683148498152	0.145420616731	21.0312174865	1.36718825261	0.375738117584
13.066536	0.466823	0.0733169831698	0.155782282297	21.0835773641	1.45445558788	-0.33937636427
13.099869	0.469224	0.0801770517705	0.134106154332	21.1359372417	1.35264369673	-1.17569669051
13.133202	0.472311	0.083464167975	0.0842034201711	21.1708438267	1.32355458497	-0.739355650729
13.166535	0.4748835	0.0840358403584	0.0813450296702	21.2232037043	1.3090100291	-0.339376364271
13.199868	0.477799	0.0876087927546	0.115645715681	21.2581102893	1.3090100291	-0.0727235066327
13.233201	0.4807145	0.0917534175342	0.149231804066	21.3104701669	1.3090100291	-0.0121205844393
13.266534	0.4838015	0.0988993223266	0.142681325834	21.3453767519	1.3090100291	2.36831443184E-12
13.299867	0.487403	0.103186865202	0.0847989181921	21.3977366295	1.3090100291	5.72381204158E-12
13.3332	0.490833	0.103472701394	0.0571678100171	21.4326432145	1.3090100291	3.55274920629E-12
13.366533	0.494263	0.104758964256	0.088848304735	21.4850030921	1.3090100291	-3.55274920629E-12
13.399866	0.497693	0.109189425228	0.127793875309	21.5199096771	1.3090100291	-5.72381204158E-12
13.433199	0.501466	0.115334903349	0.122910791537	21.5722695546	1.3090100291	-0.0121205844406
13.466532	0.505582	0.117621592883	0.1105244327	21.6071761397	1.3090100291	-0.0727235066283
13.499865	0.509355	0.118907855745	0.171622529656	21.6595360172	1.3090100291	-0.339376364267
13.533198	0.5129565	0.132627992947	0.129937668185	21.6944426023	1.29446547322	-0.727235066293
13.566531	0.518616	0.13491468248	-0.0928976912779	21.7468024798	1.26537636146	-1.10297318388
13.599864	0.5225605	0.121337463375	-0.181865095617	21.7817090649	1.16356447031	3.5921625178E-12
13.633197	0.5263335	0.116049493828	-0.0837270217543	21.8166156499	1.26537636146	1.11509376832
13.66653	0.5301065	0.11633533002	0.0226289247984	21.8689755275	1.29446547322	0.79995857292
13.699863	0.534051	0.119336610033	0.080630432045	21.9038821125	1.3090100291	0.678752728535
13.733196	0.5379955	0.1239099891	0.0690777704374	21.9562419901	1.32355458497	0.812079157359
13.766529	0.5424545	0.124767497675	0.0353725824481	21.9911485751	1.35264369673	1.19993785939
13.799862	0.546399	0.123767071004	0.0663384795407	22.0435084527	1.45445558788	0.436341039779
13.833195	0.550515	0.127768777688	0.132438759873	22.0958683302	1.36718825261	0.133326428818
13.866528	0.5548025	0.134771764384	0.14256222623	22.1307749153	1.38173280849	1.95141409455
13.899861	0.5596045	0.139345143451	0.0973043766334	22.1831347928	1.52717836728	3.07862844731
13.933194	0.564235	0.140059733931	0.0814641292744	22.2354946704	1.61444570255	3.41800481158
13.966527	0.5688655	0.142775177752	0.120409699849	22.287854548	1.77443581722	3.09074903175
13.99986	0.5736675	0.147920229202	0.166739445883	22.357667718	1.83261404073	2.38775513433
14.033193	0.578641	0.155209052091	0.186390880577	22.4100275956	1.89079226425	2.70289032972
14.066526	0.584129	0.160925775924	0.185080784931	22.4798407657	2.03623782304	2.42411688764
14.099859	0.5894455	0.164927482608	0.21652308044	22.5496539358	2.07987149067	1.5877965614
14.133192	0.5945905	0.180219718864	0.097661675446	22.6194671058	2.10896060243	1.58779656141
14.166525	0.601965	0.180505555056	-0.252848459722	22.6892802759	2.15259427007	2.42411688765
14.199858	0.607453	0.158210332103	-0.464964854806	22.759093446	2.29803982886	2.69076974528
14.233191	0.612255	0.140345570122	-0.421493499272	22.8463599086	2.35621805237	2.29079045882
14.266524	0.6165425	0.129340876742	-0.327523911557	22.9161730787	2.41439627589	2.58168448534
14.299857	0.62083	0.121051627183	-0.297749010506	23.0034395413	2.55984183468	1.83020825017
14.33319	0.624603	0.112619459528	-0.365516685297	23.0907060039	2.58893094643	-0.412099870902
14.366523	0.6285475	0.0978988956556	-0.468537842932	23.1779724665	2.5452972788	-2.99378435624
14.399856	0.6312915	0.078747870812	-0.50021833765	23.2652389291	2.35621805237	-4.52097799545
14.433189	0.6336925	0.061883535502	-0.457580679346	23.3350520992	2.16713882595	-3.91494877354
14.466522	0.635236	0.0494496611633	-0.43221246365	23.4048652692	2.09441604655	-3.236196045
14.499855	0.6371225	0.0344432610993	-0.429830471566	23.4746784393	2.02169326716	-4.32704864445
14.533188	0.637637	0.0175789257893	-0.340267569206	23.5444916094	1.81806948486	-5.67243351709
14.566521	0.63798	0.00971843051764	-0.197228944559	23.596851487	1.58535659079	-5.24821306175
14.599854	0.6381515	0.0062883962173	-0.106355946553	23.6492113645	1.39627736437	-2.67864916084
14.633187	0.638323	0.00557380573806	-0.102902058031	23.6841179496	1.38173280849	0.593908637475
14.66652	0.638666	0.00100042667093	-0.148636306045	23.7364778271	1.5126338114	1.72112299022
14.699853	0.6384945	-0.00614547812145	-0.15161379615	23.7888377047	1.55626747904	0.969646755056
14.733186	0.6381515	-0.0107188571886	-0.118861404994	23.8411975822	1.57081203492	3.952433492E-13
14.766519	0.637637	-0.012148038147	-0.136845445229	23.8935574598	1.55626747904	-0.969646755059
14.799852	0.6374655	-0.0170072534059	-0.224383654317	23.9459173374	1.5126338114	-1.73324357466
14.833185	0.6367795	-0.0290123734571	-0.262495527662	23.9982772149	1.38173280849	-0.690873312973
14.866518	0.6354075	-0.0380162134955	-0.212354594293	24.0331838	1.39627736437	2.16958461444
14.899851	0.6340355	-0.0417320839875	-0.205089518437	24.0855436775	1.57081203492	3.67253708478
14.933184	0.6326635	-0.047877562109	-0.28595814969	24.1379035551	1.74534670546	2.25442870551
14.966517	0.63112	-0.0598826821602	-0.380165936614	24.2077167252	1.75989126134	-0.26665285764
14.99985	0.629062	-0.0817491508248	-0.267140412226	24.2600766027	1.64353481431	-0.581788053033
15.033183	0.624603	-0.0776045260453	-0.148279007232	24.3124364803	1.64353481431	1.27266136601
15.066516	0.62426	-0.0817491508248	-0.268807806685	24.3647963578	1.77443581722	2.18170519888
15.099849	0.619801	-0.10118601186	-0.26273372687	24.4346095279	1.83261404073	1.80596708129
15.133182	0.616714	-0.101900602339	-0.199253637831	24.4869694055	1.87624770837	1.59991714585
15.166515	0.613284	-0.109761097611	-0.240462100885	24.5567825756	1.97805959952	0.509064546406
15.199848	0.609511	-0.119193691937	-0.254515854181	24.6265957456	1.89079226425	0.0484823377529
15.233181	0.6052235	-0.127197105304	-0.257969742702	24.6789556232	1.90533682013	1.44234954815
15.266514	0.6011075	-0.13662969963	-0.23748461078	24.7487687933	2.03623782304	1.4908318859
15.299847	0.596134	-0.145490621573	-0.148874505253	24.8185819634	2.0653269348	-0.0848440910677
15.33318	0.5911605	-0.147348556819	-0.0434713555339	24.8883951334	2.03623782304	-1.92717292568
15.366513	0.586187	-0.145633539669	-0.0119099604202	24.9582083035	1.89079226425	-2.59380506978
15.399846	0.5815565	-0.146062293956	-0.0364444788859	25.0105681811	1.83261404073	-2.29079045883
15.433179	0.576583	-0.149778164448	-0.0169121437967	25.0803813512	1.77443581722	-2.69076974528
15.466512	0.571438	-0.149635246352	0.0697923680626	25.1327412287	1.62899025843	-2.42411688764
15.499845	0.5664645	-0.145061867285	0.15447218665	25.1851011063	1.58535659079	-1.5877965614
15.533178	0.5616625	-0.137201372014	0.174600019761	25.2374609838	1.55626747904	-1.57567597697
15.566511	0.557375	-0.130912975796	0.117194010535	25.2898208614	1.5126338114	-2.32715221214
15.599844	0.5530875	-0.129197958646	0.0489499373272	25.342180739	1.36718825261	-2.19382578332
15.633177	0.5488	-0.128912122455	0.0140537532959	25.377087324	1.32355458497	-0.812079157358
15.66651	0.5445125	-0.129483794838	0.0127436576497	25.4294472016	1.32355458498	0.315135195394
15.699843	0.5400535	-0.127482941496	0.000119099604202	25.4643537866	1.35264369673	1.09085259944
15.733176	0.536109	-0.128054613879	-0.0451387499927	25.5167136642	1.45445558788	0.32725577983
15.766509	0.53165	-0.131913402467	-0.0552622163499	25.5690735417	1.36718825261	-0.363617533148
15.799842	0.527191	-0.132913829138	-0.0390646701784	25.6039801268	1.36718825261	0.472702793091
15.833175	0.522732	-0.132913829138	-0.0613362961642	25.6563400043	1.45445558788	0.169688182135
15.866508	0.5184445	-0.135772191055	-0.1105244327	25.7086998819	1.36718825261	0.387858702023
15.899841	0.513814	-0.142203505368	-0.105641348928	25.7436064669	1.39627736437	2.58168448534
15.933174	0.5088405	-0.145061867285	-0.0391837697826	25.7959663445	1.57081203492	3.75738117585
15.966507	0.5040385	-0.144490194902	0.00893247031516	25.848326222	1.74534670546	2.26654928994
15.99984	0.499065	-0.141345996793	-0.0260828133204	25.9181393921	1.75989126134	-0.278773442083
16.033173	0.4947775	-0.142632259656	-0.13065226581	25.9704992697	1.64353481431	-0.6666321441
16.066506	0.490147	-0.157209905432	-0.0377545745322	26.0228591472	1.64353481431	0.860561495118
16.099839	0.48363	-0.153779871132	0.27321449204	26.0752190248	1.75989126134	1.11509376831
16.133172	0.479171	-0.131198811988	0.386240016428	26.1450321949	1.77443581722	-0.0363617533195
16.166505	0.475398	-0.119908282416	0.280241368688	26.1973920724	1.68716848195	0.412099870899
16.199838	0.4714535	-0.115763657637	0.236889112759	26.24975195	1.7889803731	1.18781727495
16.233171	0.467509	-0.108331916653	0.310016269739	26.3195651201	1.81806948486	0.727235066295
16.266504	0.464079	-0.0961838785055	0.438048344256	26.3719249976	1.83261404073	0.254532273202
16.299837	0.460992	-0.078747870812	0.553932259145	26.4417381677	1.83261404073	-0.351496948707
16.33317	0.4587625	-0.0588822554892	0.624796523646	26.4940980453	1.81806948486	-1.15145552163
16.366503	0.4567045	-0.0311561448948	0.516773182634	26.5639112154	1.77443581722	-2.33927279658
16.399836	0.457219	-0.0182935162685	0.24260589376	26.6162710929	1.62899025843	-2.67864916085
16.433169	0.4560185	-0.0205802058021	0.111596329138	26.6686309705	1.57081203492	-2.30291104326
16.466502	0.455504	-0.0158639086391	0.127674775705	26.720990848	1.5126338114	-2.67864916085
16.499835	0.4549895	-0.0118622019554	0.166263047467	26.7733507256	1.36718825261	-2.35139338102
16.533168	0.4546465	-0.00471629716297	0.205446817249	26.8082573106	1.32355458497	-1.2362996127
16.566501	0.4546465	0.00285836191695	0.204732219624	26.8606171882	1.3090100291	-0.751476235167
16.599834	0.454818	0.0105759390927	0.154948585067	26.8955237732	1.29446547322	-0.727235066293
16.633167	0.455504	0.0141488914889	0.0725316589593	26.9478836508	1.26537636146	-0.702993897419
16.6665	0.455847	0.0141488914889	0.027035610154	26.9827902358	1.17810902619	1.06661143057
16.699833	0.4563615	0.0158639086391	0.0116717612118	27.0176968209	1.32355458498	2.95742260293
16.733166	0.457219	0.0111476114761	0.115526616076	27.0700566984	1.48354469964	1.99989643231
16.766499	0.4567045	0.0181505981726	0.360752701129	27.122416576	1.49808925552	0.0727235066267
16.799832	0.457905	0.0395883125498	0.492119564564	27.1747764536	1.39627736437	0.472702793089
16.833165	0.45962	0.0558809754764	0.480805102165	27.2096830386	1.43991103201	3.11499020062
16.866498	0.461678	0.0710302936363	0.453293093594	27.2620429162	1.70171303783	3.36952247382
16.899831	0.4642505	0.0871800384671	0.388502908908	27.3318560862	1.75989126134	1.11509376831
16.933164	0.4676805	0.0980418137515	0.306324182009	27.3842159638	1.68716848195	0.836320326237
16.966497	0.470939	0.105044800448	0.297153512485	27.4365758414	1.7889803731	1.27266136602
16.99983	0.4745405	0.115191985253	0.369208773027	27.5063890114	1.81806948486	0.751476235172
17.033163	0.478485	0.130198385317	0.429830471566	27.558748889	1.83261404073	0.351496948708
17.066496	0.483287	0.14420435871	0.45091110151	27.6285620591	1.83261404073	0.14544701326
17.099829	0.487746	0.165356236896	0.312993759844	27.6809219366	1.83261404073	0.351496948708
17.133162	0.4947775	0.171787551209	0.0158402473589	27.7507351067	1.84715859661	0.739355650729
17.166495	0.4999225	0.159925349253	-0.0898011015686	27.8030949843	1.87624770837	1.17569669051
17.199828	0.505239	0.153351116845	0.127793875309	27.8729081543	1.97805959952	0.33937636427
17.233161	0.5091835	0.170644206442	0.298225408923	27.9427213244	1.89079226425	-0.375738117586
17.266494	0.5167295	0.186508115081	0.125054584413	27.995081202	1.89079226425	0.375738117585
17.299827	0.5225605	0.178075947426	-0.0565723119961	28.0648943721	1.97805959952	-0.339376364271
17.33316	0.52822	0.176789684564	-0.0956369821745	28.1347075421	1.87624770837	-1.17569669051
17.366493	0.534394	0.17278797788	-0.13291515829	28.1870674197	1.84715859661	-0.739355650732
17.399826	0.539882	0.166499581662	-0.113621022409	28.2568805898	1.83261404073	-0.33937636427
17.433159	0.54537	0.16349830165	-0.0514510290154	28.3092404673	1.83261404073	-0.0727235066283
17.466492	0.5506865	0.163355383554	0.000595498021012	28.3790536374	1.83261404073	-0.0121205844358
17.499825	0.5561745	0.165642073087	-0.0103616655656	28.431413515	1.83261404073	3.82956758195E-12
17.533158	0.561834	0.164784564512	-0.080034934024	28.5012266851	1.83261404073	1.10653334654E-12
17.566491	0.567322	0.15935367687	-0.117194010535	28.5535865626	1.83261404073	0.012120584437
17.599824	0.572467	0.153636953036	-0.048235339702	28.6233997327	1.83261404073	0.0848440910688
17.633157	0.5774405	0.153208198749	0.0990908706964	28.6757596103	1.83261404073	0.424220455337
17.66649	0.582414	0.160354103541	0.21509388519	28.7455727803	1.84715859661	1.16357610607
17.699823	0.5877305	0.176360930276	0.0846798185879	28.7979326579	1.89079226425	2.33927279657
17.733156	0.5949335	0.172216305496	-0.213545590335	28.867745828	2.03623782304	2.6665285764
17.766489	0.5997355	0.153351116845	-0.293342325151	28.9375589981	2.09441604655	2.23018753663
17.799822	0.6045375	0.148063147298	-0.23295882582	29.0073721681	2.15259427007	2.35139338102
17.833155	0.6096825	0.140917242506	-0.205089518437	29.0771853382	2.28349527298	1.69688182135
17.866488	0.6141415	0.132056320563	-0.116836711723	29.1644518008	2.29803982886	0.47270279309
17.899821	0.6182575	0.129197958646	0.0253682156951	29.2342649709	2.22531704946	1.4908318859
17.933154	0.6220305	0.142632259656	-0.0844416193795	29.304078141	2.37076260825	3.01802552512
17.966487	0.6285475	0.13491468248	-0.488070178021	29.3913446036	2.53075272292	1.83020825017
17.99982	0.6319775	0.101328929956	-0.668625177992	29.4786110662	2.5452972788	-0.860561495117
18.033153	0.6347215	0.0803199698664	-0.571201701755	29.5658775288	2.41439627589	-2.27866987438
18.066486	0.6371225	0.064741897419	-0.474254623934	29.6356906989	2.35621805237	-2.71501091416
18.099819	0.639009	0.0518792687927	-0.448529109426	29.7229571615	2.28349527298	-4.24220455337
18.133152	0.640724	0.0355866058661	-0.448529109426	29.7927703315	2.07987149068	-5.74515702371
18.166485	0.64141	0.0190081067477	-0.369089673423	29.8625835016	1.84715859661	-5.67243351709
18.199818	0.641753	0.00943259432594	-0.245464284261	29.9149433792	1.64353481431	-3.83010468248
18.233151	0.6419245	0.00385878858789	-0.154591286255	29.9673032567	1.58535659079	-1.66052006804
18.266484	0.6419245	0.00128626286263	-0.128746672143	30.0196631343	1.57081203492	-0.533305715282
18.299817	0.642096	-0.00343003430034	-0.144348720293	30.0720230119	1.57081203492	-0.181808766572
18.33315	0.641753	-0.0092896762301	-0.143991421481	30.1243828894	1.57081203492	-0.436341039777
18.366483	0.64141	-0.0137201372014	-0.138631939292	30.176742767	1.55626747904	-1.16357610607
18.399816	0.640724	-0.0158639086391	-0.213069191918	30.2291026445	1.5126338114	-2.32715221213
18.433149	0.6405525	-0.0248677486775	-0.358489808649	30.2814625221	1.36718825261	-2.59380506978
18.466482	0.639352	-0.0415891658917	-0.426376583045	30.3163691071	1.3090100291	-1.87869058793
18.499815	0.63798	-0.061883535502	-0.252848459722	30.3687289847	1.26537636146	-1.51507305478
18.533148	0.63455	-0.0634556345563	0.0483544393062	30.4036355697	1.16356447031	0.0121205844382
18.566481	0.633178	-0.0494496611633	0.10230656001	30.4385421548	1.26537636146	1.59991714585
18.599814	0.631806	-0.048735070684	-0.0695541688542	30.4909020323	1.3090100291	2.29079045883
18.633147	0.6302625	-0.0573101564349	-0.186629079785	30.5258086174	1.38173280849	3.67253708478
18.66648	0.6278615	-0.0650277336107	-0.203541223582	30.5781684949	1.57081203492	4.24220455337
18.699813	0.6258035	-0.0698869488695	-0.22331175788	30.6305283725	1.74534670546	2.67864916084
18.733146	0.6234025	-0.0794624612913	-0.242010395739	30.7003415426	1.77443581722	0.375738117582
18.766479	0.620487	-0.0883233832338	-0.195085151684	30.7527014201	1.68716848195	2.13164952378E-12
18.799812	0.6174	-0.093754270876	-0.107666042199	30.8050612977	1.77443581722	-0.375738117578
18.833145	0.6141415	-0.0956122061221	-0.0172694426094	30.8748744678	1.74534670546	-2.6665285764
18.866478	0.610883	-0.0933255165885	0.0244154188615	30.9272343453	1.57081203492	-4.16948104675
18.899811	0.6079675	-0.09189633563	0.00166739445883	30.9795942229	1.38173280849	-3.33316072051
18.933144	0.6048805	-0.0933255165885	-0.0413275626582	31.0145008079	1.32355458497	-1.56355539253
18.966477	0.601622	-0.093754270876	-0.116241213702	31.0668606855	1.3090100291	-0.521185130838
18.99981	0.5987065	-0.0973272232722	-0.260113535578	31.1017672705	1.3090100291	-0.18180876657
19.033143	0.595791	-0.116478248116	-0.243082292177	31.1541271481	1.3090100291	-0.424220455341
19.066476	0.5904745	-0.123052480525	0.0259637137161	31.1890337331	1.29446547322	-1.06661143057
19.099809	0.586873	-0.110332769994	0.190082968307	31.2413936107	1.25083180558	-1.84232883461
19.133142	0.583443	-0.103758537585	0.171384330447	31.2763001957	1.11993080267	-1.19993785938
19.166475	0.580013	-0.0986134861349	0.116003014493	31.3112067808	1.11993080267	0.593908637471
19.199808	0.576926	-0.0964697146972	0.0703878660836	31.3461133658	1.2362872497	0.254532273201
19.233141	0.5736675	-0.0960409604096	0.0931358904863	31.3984732434	1.22174269382	-2.35139338101
19.266474	0.570409	-0.0923250899176	0.174480920157	31.4333798284	1.04720802328	-4.18160163118
19.299807	0.567322	-0.0833212498792	0.232839726216	31.4682864135	0.858128796852	-3.74526059141
19.33314	0.564921	-0.0751749184159	0.248322674762	31.485739706	0.785406017458	-2.71501091416
19.366473	0.5623485	-0.0676002593359	0.277144778979	31.520646291	0.727227793943	-2.77561383635
19.399806	0.5602905	-0.0567384840515	0.297034412881	31.5380995835	0.581782235154	-2.43623747208
19.433139	0.5585755	-0.0463054630546	0.266306714997	31.5555528761	0.538148567517	-1.57567597697
19.466472	0.5572035	-0.0367299506328	0.168168641134	31.5730061686	0.509059455759	-1.50295247034
19.499805	0.556346	-0.0338715887159	0.0393028693868	31.5904594611	0.465425788123	-1.99989643231
19.533138	0.5551455	-0.0368728687287	-0.00976616754459	31.6079127536	0.334524785213	-1.53931422365
19.566471	0.5537735	-0.0373016230162	0.0251300164867	31.6079127536	0.319980229335	-0.0606029221874
19.599804	0.552573	-0.0353007696744	0.0749136510433	31.6253660461	0.407247564608	-0.509064546405
19.633137	0.5513725	-0.0314419810865	0.108737938637	31.6428193387	0.305435673456	-1.61203773028
19.66647	0.550515	-0.0280119467861	0.143276823855	31.6428193387	0.261802005819	-1.89081117236
19.699803	0.549486	-0.0232956496232	0.209972602209	31.6602726312	0.203623782304	-2.59380506978
19.733136	0.5488	-0.0140059733931	0.264401121329	31.6602726312	0.0581782235155	-2.32715221214
19.766469	0.548457	-0.00257252572526	0.227599343631	31.6602726312	0.0145445558789	-1.16357610607
19.799802	0.5488	0.00400170668373	0.110405333096	31.6602726312	0	-0.424220455338
19.833135	0.5489715	0.0032871162045	0.0319663337679	31.6602726312	0	-0.0848440910677
19.866468	0.5489715	0.0032871162045	0.0356941513795	31.6602726312	0	-0.0121205844382
19.899801	0.549143	0.00457337906712	0.0755210590247	31.6602726312	0	0
19.933134	0.549143	0.00934684346843	0.0910754673336	31.6602726312	0	0
19.966467	0.549829	0.0126482514825	0.0556076052021	31.6602726312	0	0
19.9998	0.550172	0.0120051200512	0.0160308067257	31.6602726312	0	0
